paramCombinations_1,paramCombinations_2,numDetectedFeatures,meanScore,varianceLocation_m,varianceLocation_n,meanScoreTop,varianceLocationTop_m,varianceLocationTop_n,computationTime,is_default
0,0.001,3671,19.5968399047852,2984.43334960938,4536.67431640625,8.14999961853027,2203.052734375,0,0.157152,0
0,0.0344827586206897,2623,25.4369049072266,2609.50756835938,3722.125,17.0499992370605,2493.67114257813,2.19999980926514,0.0099466,0
0,0.0689655172413793,1559,34.2463111877441,2383.01293945313,3067.189453125,36.7000007629395,385.734222412109,7.83947420120239,0.0222328,0
0,0.103448275862069,989,41.7118301391602,2383.0302734375,2909.85522460938,43.25,631.460510253906,9.52368545532227,0.0093883,0
0,0.137931034482759,562,50.8309593200684,2499.95166015625,2708.564453125,52.7000007629395,712.368408203125,12.1157903671265,0.0368211,0
0,0.172413793103448,327,59.5474014282227,2606.16137695313,2590.08349609375,57.4500007629395,741.60791015625,6.27368497848511,0.0017203,0
0,0.206896551724138,178,69.4887619018555,3000.29809570313,2563.01171875,69.9499969482422,272.252624511719,39.4842071533203,0.0013468,0
0,0.241379310344828,97,80.0927810668945,2971.09838867188,2250.62719726563,81.1500015258789,290.471069335938,86.5263137817383,0.0012511,0
0,0.275862068965517,70,85.5999984741211,2758.37451171875,2417.02465820313,86.0999984741211,655.831604003906,109.144737243652,0.0036493,0
0,0.310344827586207,44,92.75,2724.53857421875,2581.69116210938,94.25,1785.20764160156,564.155212402344,0.0009991,0
0,0.344827586206897,26,100,2771.13818359375,2872.73876953125,100.900001525879,2697.30541992188,1382.15783691406,0.0014437,0
0,0.379310344827586,15,105.266670227051,2777.71435546875,2915.60009765625,0,0,0,0.0009748,0
0,0.413793103448276,5,113.599998474121,3134,2317.19995117188,0,0,0,0.000898,0
0,0.448275862068966,1,124,5512.5,5512.5,0,0,0,0.0109094,0
0,0.482758620689655,1,124,5512.5,5512.5,0,0,0,0.0011351,0
0,0.517241379310345,0,NaN,NaN,NaN,0,0,0,0.0093023,0
0,0.551724137931034,0,NaN,NaN,NaN,0,0,0,0.0010602,0
0,0.586206896551724,0,NaN,NaN,NaN,0,0,0,0.0010205,0
0,0.620689655172414,0,NaN,NaN,NaN,0,0,0,0.0009312,0
0,0.655172413793103,0,NaN,NaN,NaN,0,0,0,0.0015504,0
0,0.689655172413793,0,NaN,NaN,NaN,0,0,0,0.0009494,0
0,0.724137931034483,0,NaN,NaN,NaN,0,0,0,0.0008656,0
0,0.758620689655172,0,NaN,NaN,NaN,0,0,0,0.0009705,0
0,0.793103448275862,0,NaN,NaN,NaN,0,0,0,0.0011785,0
0,0.827586206896552,0,NaN,NaN,NaN,0,0,0,0.0010268,0
0,0.862068965517241,0,NaN,NaN,NaN,0,0,0,0.0009529,0
0,0.896551724137931,0,NaN,NaN,NaN,0,0,0,0.0015487,0
0,0.931034482758621,0,NaN,NaN,NaN,0,0,0,0.0017608,0
0,0.96551724137931,0,NaN,NaN,NaN,0,0,0,0.0019826,0
0,0.999,0,NaN,NaN,NaN,0,0,0,0.0019019,0
0.0344827586206897,0.001,3221,21.9394588470459,2830.98291015625,4169.48974609375,11.3999996185303,2839.64233398438,0.260526329278946,0.002308,0
0.0344827586206897,0.0344827586206897,2623,25.4369049072266,2609.50756835938,3722.125,17.0499992370605,2493.67114257813,2.19999980926514,0.001535,0
0.0344827586206897,0.0689655172413793,1559,34.2463111877441,2383.01293945313,3067.189453125,36.7000007629395,385.734222412109,7.83947420120239,0.0012443,0
0.0344827586206897,0.103448275862069,989,41.7118301391602,2383.0302734375,2909.85522460938,43.25,631.460510253906,9.52368545532227,0.0015989,0
0.0344827586206897,0.137931034482759,562,50.8309593200684,2499.95166015625,2708.564453125,52.7000007629395,712.368408203125,12.1157903671265,0.0011639,0
0.0344827586206897,0.172413793103448,327,59.5474014282227,2606.16137695313,2590.08349609375,57.4500007629395,741.60791015625,6.27368497848511,0.0012731,0
0.0344827586206897,0.206896551724138,178,69.4887619018555,3000.29809570313,2563.01171875,69.9499969482422,272.252624511719,39.4842071533203,0.0010817,0
0.0344827586206897,0.241379310344828,97,80.0927810668945,2971.09838867188,2250.62719726563,81.1500015258789,290.471069335938,86.5263137817383,0.0009651,0
0.0344827586206897,0.275862068965517,70,85.5999984741211,2758.37451171875,2417.02465820313,86.0999984741211,655.831604003906,109.144737243652,0.0010998,0
0.0344827586206897,0.310344827586207,44,92.75,2724.53857421875,2581.69116210938,94.25,1785.20764160156,564.155212402344,0.0009649,0
0.0344827586206897,0.344827586206897,26,100,2771.13818359375,2872.73876953125,100.900001525879,2697.30541992188,1382.15783691406,0.0012141,0
0.0344827586206897,0.379310344827586,15,105.266670227051,2777.71435546875,2915.60009765625,0,0,0,0.0012914,0
0.0344827586206897,0.413793103448276,5,113.599998474121,3134,2317.19995117188,0,0,0,0.0014861,0
0.0344827586206897,0.448275862068966,1,124,5512.5,5512.5,0,0,0,0.0014129,0
0.0344827586206897,0.482758620689655,1,124,5512.5,5512.5,0,0,0,0.0018303,0
0.0344827586206897,0.517241379310345,0,NaN,NaN,NaN,0,0,0,0.0014378,0
0.0344827586206897,0.551724137931034,0,NaN,NaN,NaN,0,0,0,0.0017942,0
0.0344827586206897,0.586206896551724,0,NaN,NaN,NaN,0,0,0,0.0017319,0
0.0344827586206897,0.620689655172414,0,NaN,NaN,NaN,0,0,0,0.0017806,0
0.0344827586206897,0.655172413793103,0,NaN,NaN,NaN,0,0,0,0.0019292,0
0.0344827586206897,0.689655172413793,0,NaN,NaN,NaN,0,0,0,0.0019354,0
0.0344827586206897,0.724137931034483,0,NaN,NaN,NaN,0,0,0,0.0016706,0
0.0344827586206897,0.758620689655172,0,NaN,NaN,NaN,0,0,0,0.0011806,0
0.0344827586206897,0.793103448275862,0,NaN,NaN,NaN,0,0,0,0.0016256,0
0.0344827586206897,0.827586206896552,0,NaN,NaN,NaN,0,0,0,0.0017809,0
0.0344827586206897,0.862068965517241,0,NaN,NaN,NaN,0,0,0,0.0016528,0
0.0344827586206897,0.896551724137931,0,NaN,NaN,NaN,0,0,0,0.0011175,0
0.0344827586206897,0.931034482758621,0,NaN,NaN,NaN,0,0,0,0.0011093,0
0.0344827586206897,0.96551724137931,0,NaN,NaN,NaN,0,0,0,0.0011922,0
0.0344827586206897,0.999,0,NaN,NaN,NaN,0,0,0,0.0011537,0
0.0689655172413793,0.001,2623,25.4369049072266,2609.50756835938,3722.125,17.0499992370605,2493.67114257813,2.19999980926514,0.0030531,0
0.0689655172413793,0.0344827586206897,2623,25.4369049072266,2609.50756835938,3722.125,17.0499992370605,2493.67114257813,2.19999980926514,0.0025346,0
0.0689655172413793,0.0689655172413793,1559,34.2463111877441,2383.01293945313,3067.189453125,36.7000007629395,385.734222412109,7.83947420120239,0.0020722,0
0.0689655172413793,0.103448275862069,989,41.7118301391602,2383.0302734375,2909.85522460938,43.25,631.460510253906,9.52368545532227,0.0019076,0
0.0689655172413793,0.137931034482759,562,50.8309593200684,2499.95166015625,2708.564453125,52.7000007629395,712.368408203125,12.1157903671265,0.0017098,0
0.0689655172413793,0.172413793103448,327,59.5474014282227,2606.16137695313,2590.08349609375,57.4500007629395,741.60791015625,6.27368497848511,0.0013096,0
0.0689655172413793,0.206896551724138,178,69.4887619018555,3000.29809570313,2563.01171875,69.9499969482422,272.252624511719,39.4842071533203,0.0018957,0
0.0689655172413793,0.241379310344828,97,80.0927810668945,2971.09838867188,2250.62719726563,81.1500015258789,290.471069335938,86.5263137817383,0.0016746,0
0.0689655172413793,0.275862068965517,70,85.5999984741211,2758.37451171875,2417.02465820313,86.0999984741211,655.831604003906,109.144737243652,0.0012891,0
0.0689655172413793,0.310344827586207,44,92.75,2724.53857421875,2581.69116210938,94.25,1785.20764160156,564.155212402344,0.0010919,0
0.0689655172413793,0.344827586206897,26,100,2771.13818359375,2872.73876953125,100.900001525879,2697.30541992188,1382.15783691406,0.0009949,0
0.0689655172413793,0.379310344827586,15,105.266670227051,2777.71435546875,2915.60009765625,0,0,0,0.0011685,0
0.0689655172413793,0.413793103448276,5,113.599998474121,3134,2317.19995117188,0,0,0,0.0009053,0
0.0689655172413793,0.448275862068966,1,124,5512.5,5512.5,0,0,0,0.0013236,0
0.0689655172413793,0.482758620689655,1,124,5512.5,5512.5,0,0,0,0.0010671,0
0.0689655172413793,0.517241379310345,0,NaN,NaN,NaN,0,0,0,0.0009315,0
0.0689655172413793,0.551724137931034,0,NaN,NaN,NaN,0,0,0,0.0008774,0
0.0689655172413793,0.586206896551724,0,NaN,NaN,NaN,0,0,0,0.0008688,0
0.0689655172413793,0.620689655172414,0,NaN,NaN,NaN,0,0,0,0.0012175,0
0.0689655172413793,0.655172413793103,0,NaN,NaN,NaN,0,0,0,0.0009665,0
0.0689655172413793,0.689655172413793,0,NaN,NaN,NaN,0,0,0,0.0008665,0
0.0689655172413793,0.724137931034483,0,NaN,NaN,NaN,0,0,0,0.0008464,0
0.0689655172413793,0.758620689655172,0,NaN,NaN,NaN,0,0,0,0.0010601,0
0.0689655172413793,0.793103448275862,0,NaN,NaN,NaN,0,0,0,0.0009113,0
0.0689655172413793,0.827586206896552,0,NaN,NaN,NaN,0,0,0,0.000877,0
0.0689655172413793,0.862068965517241,0,NaN,NaN,NaN,0,0,0,0.0008711,0
0.0689655172413793,0.896551724137931,0,NaN,NaN,NaN,0,0,0,0.0009798,0
0.0689655172413793,0.931034482758621,0,NaN,NaN,NaN,0,0,0,0.0008915,0
0.0689655172413793,0.96551724137931,0,NaN,NaN,NaN,0,0,0,0.0009583,0
0.0689655172413793,0.999,0,NaN,NaN,NaN,0,0,0,0.00087,0
0.103448275862069,0.001,2069,29.461576461792,2499.85668945313,3360.58618164063,23.6499996185303,984.957946777344,4.61842107772827,0.0029891,0
0.103448275862069,0.0344827586206897,2069,29.461576461792,2499.85668945313,3360.58618164063,23.6499996185303,984.957946777344,4.61842107772827,0.0015485,0
0.103448275862069,0.0689655172413793,1559,34.2463111877441,2383.01293945313,3067.189453125,36.7000007629395,385.734222412109,7.83947420120239,0.0013759,0
0.103448275862069,0.103448275862069,989,41.7118301391602,2383.0302734375,2909.85522460938,43.25,631.460510253906,9.52368545532227,0.0011304,0
0.103448275862069,0.137931034482759,562,50.8309593200684,2499.95166015625,2708.564453125,52.7000007629395,712.368408203125,12.1157903671265,0.0012426,0
0.103448275862069,0.172413793103448,327,59.5474014282227,2606.16137695313,2590.08349609375,57.4500007629395,741.60791015625,6.27368497848511,0.0017122,0
0.103448275862069,0.206896551724138,178,69.4887619018555,3000.29809570313,2563.01171875,69.9499969482422,272.252624511719,39.4842071533203,0.0010213,0
0.103448275862069,0.241379310344828,97,80.0927810668945,2971.09838867188,2250.62719726563,81.1500015258789,290.471069335938,86.5263137817383,0.0009752,0
0.103448275862069,0.275862068965517,70,85.5999984741211,2758.37451171875,2417.02465820313,86.0999984741211,655.831604003906,109.144737243652,0.0010494,0
0.103448275862069,0.310344827586207,44,92.75,2724.53857421875,2581.69116210938,94.25,1785.20764160156,564.155212402344,0.0009328,0
0.103448275862069,0.344827586206897,26,100,2771.13818359375,2872.73876953125,100.900001525879,2697.30541992188,1382.15783691406,0.0008961,0
0.103448275862069,0.379310344827586,15,105.266670227051,2777.71435546875,2915.60009765625,0,0,0,0.0009748,0
0.103448275862069,0.413793103448276,5,113.599998474121,3134,2317.19995117188,0,0,0,0.0008585,0
0.103448275862069,0.448275862068966,1,124,5512.5,5512.5,0,0,0,0.0008747,0
0.103448275862069,0.482758620689655,1,124,5512.5,5512.5,0,0,0,0.0008747,0
0.103448275862069,0.517241379310345,0,NaN,NaN,NaN,0,0,0,0.0009934,0
0.103448275862069,0.551724137931034,0,NaN,NaN,NaN,0,0,0,0.0008706,0
0.103448275862069,0.586206896551724,0,NaN,NaN,NaN,0,0,0,0.0008413,0
0.103448275862069,0.620689655172414,0,NaN,NaN,NaN,0,0,0,0.0008344,0
0.103448275862069,0.655172413793103,0,NaN,NaN,NaN,0,0,0,0.0016644,0
0.103448275862069,0.689655172413793,0,NaN,NaN,NaN,0,0,0,0.0009924,0
0.103448275862069,0.724137931034483,0,NaN,NaN,NaN,0,0,0,0.0008955,0
0.103448275862069,0.758620689655172,0,NaN,NaN,NaN,0,0,0,0.0010069,0
0.103448275862069,0.793103448275862,0,NaN,NaN,NaN,0,0,0,0.0009436,0
0.103448275862069,0.827586206896552,0,NaN,NaN,NaN,0,0,0,0.0008852,0
0.103448275862069,0.862068965517241,0,NaN,NaN,NaN,0,0,0,0.0008698,0
0.103448275862069,0.896551724137931,0,NaN,NaN,NaN,0,0,0,0.0008923,0
0.103448275862069,0.931034482758621,0,NaN,NaN,NaN,0,0,0,0.0009448,0
0.103448275862069,0.96551724137931,0,NaN,NaN,NaN,0,0,0,0.0011767,0
0.103448275862069,0.999,0,NaN,NaN,NaN,0,0,0,0.0009375,0
0.137931034482759,0.001,1559,34.2463111877441,2383.01293945313,3067.189453125,36.7000007629395,385.734222412109,7.83947420120239,0.0023366,0
0.137931034482759,0.0344827586206897,1559,34.2463111877441,2383.01293945313,3067.189453125,36.7000007629395,385.734222412109,7.83947420120239,0.0015424,0
0.137931034482759,0.0689655172413793,1559,34.2463111877441,2383.01293945313,3067.189453125,36.7000007629395,385.734222412109,7.83947420120239,0.0012485,0
0.137931034482759,0.103448275862069,989,41.7118301391602,2383.0302734375,2909.85522460938,43.25,631.460510253906,9.52368545532227,0.0014977,0
0.137931034482759,0.137931034482759,562,50.8309593200684,2499.95166015625,2708.564453125,52.7000007629395,712.368408203125,12.1157903671265,0.0011496,0
0.137931034482759,0.172413793103448,327,59.5474014282227,2606.16137695313,2590.08349609375,57.4500007629395,741.60791015625,6.27368497848511,0.0010751,0
0.137931034482759,0.206896551724138,178,69.4887619018555,3000.29809570313,2563.01171875,69.9499969482422,272.252624511719,39.4842071533203,0.0010054,0
0.137931034482759,0.241379310344828,97,80.0927810668945,2971.09838867188,2250.62719726563,81.1500015258789,290.471069335938,86.5263137817383,0.0009248,0
0.137931034482759,0.275862068965517,70,85.5999984741211,2758.37451171875,2417.02465820313,86.0999984741211,655.831604003906,109.144737243652,0.0008949,0
0.137931034482759,0.310344827586207,44,92.75,2724.53857421875,2581.69116210938,94.25,1785.20764160156,564.155212402344,0.0010563,0
0.137931034482759,0.344827586206897,26,100,2771.13818359375,2872.73876953125,100.900001525879,2697.30541992188,1382.15783691406,0.000899,0
0.137931034482759,0.379310344827586,15,105.266670227051,2777.71435546875,2915.60009765625,0,0,0,0.0008648,0
0.137931034482759,0.413793103448276,5,113.599998474121,3134,2317.19995117188,0,0,0,0.0011742,0
0.137931034482759,0.448275862068966,1,124,5512.5,5512.5,0,0,0,0.000991,0
0.137931034482759,0.482758620689655,1,124,5512.5,5512.5,0,0,0,0.0008827,0
0.137931034482759,0.517241379310345,0,NaN,NaN,NaN,0,0,0,0.0008545,0
0.137931034482759,0.551724137931034,0,NaN,NaN,NaN,0,0,0,0.0012025,0
0.137931034482759,0.586206896551724,0,NaN,NaN,NaN,0,0,0,0.0009635,0
0.137931034482759,0.620689655172414,0,NaN,NaN,NaN,0,0,0,0.0008673,0
0.137931034482759,0.655172413793103,0,NaN,NaN,NaN,0,0,0,0.000846,0
0.137931034482759,0.689655172413793,0,NaN,NaN,NaN,0,0,0,0.0013609,0
0.137931034482759,0.724137931034483,0,NaN,NaN,NaN,0,0,0,0.001589,0
0.137931034482759,0.758620689655172,0,NaN,NaN,NaN,0,0,0,0.0011316,0
0.137931034482759,0.793103448275862,0,NaN,NaN,NaN,0,0,0,0.0015696,0
0.137931034482759,0.827586206896552,0,NaN,NaN,NaN,0,0,0,0.0016947,0
0.137931034482759,0.862068965517241,0,NaN,NaN,NaN,0,0,0,0.0016083,0
0.137931034482759,0.896551724137931,0,NaN,NaN,NaN,0,0,0,0.0013781,0
0.137931034482759,0.931034482758621,0,NaN,NaN,NaN,0,0,0,0.0009407,0
0.137931034482759,0.96551724137931,0,NaN,NaN,NaN,0,0,0,0.0011019,0
0.137931034482759,0.999,0,NaN,NaN,NaN,0,0,0,0.0010125,0
0.172413793103448,0.001,1249,37.9135322570801,2392.42138671875,3009.47802734375,40.5,600.62109375,8.37894821166992,0.0023554,0
0.172413793103448,0.0344827586206897,1249,37.9135322570801,2392.42138671875,3009.47802734375,40.5,600.62109375,8.37894821166992,0.0025544,0
0.172413793103448,0.0689655172413793,1249,37.9135322570801,2392.42138671875,3009.47802734375,40.5,600.62109375,8.37894821166992,0.0020336,0
0.172413793103448,0.103448275862069,989,41.7118301391602,2383.0302734375,2909.85522460938,43.25,631.460510253906,9.52368545532227,0.0011957,0
0.172413793103448,0.137931034482759,562,50.8309593200684,2499.95166015625,2708.564453125,52.7000007629395,712.368408203125,12.1157903671265,0.0010381,0
0.172413793103448,0.172413793103448,327,59.5474014282227,2606.16137695313,2590.08349609375,57.4500007629395,741.60791015625,6.27368497848511,0.0012199,0
0.172413793103448,0.206896551724138,178,69.4887619018555,3000.29809570313,2563.01171875,69.9499969482422,272.252624511719,39.4842071533203,0.0009602,0
0.172413793103448,0.241379310344828,97,80.0927810668945,2971.09838867188,2250.62719726563,81.1500015258789,290.471069335938,86.5263137817383,0.0016174,0
0.172413793103448,0.275862068965517,70,85.5999984741211,2758.37451171875,2417.02465820313,86.0999984741211,655.831604003906,109.144737243652,0.0018737,0
0.172413793103448,0.310344827586207,44,92.75,2724.53857421875,2581.69116210938,94.25,1785.20764160156,564.155212402344,0.0017135,0
0.172413793103448,0.344827586206897,26,100,2771.13818359375,2872.73876953125,100.900001525879,2697.30541992188,1382.15783691406,0.0018911,0
0.172413793103448,0.379310344827586,15,105.266670227051,2777.71435546875,2915.60009765625,0,0,0,0.0019389,0
0.172413793103448,0.413793103448276,5,113.599998474121,3134,2317.19995117188,0,0,0,0.0018755,0
0.172413793103448,0.448275862068966,1,124,5512.5,5512.5,0,0,0,0.001038,0
0.172413793103448,0.482758620689655,1,124,5512.5,5512.5,0,0,0,0.0009337,0
0.172413793103448,0.517241379310345,0,NaN,NaN,NaN,0,0,0,0.0008866,0
0.172413793103448,0.551724137931034,0,NaN,NaN,NaN,0,0,0,0.000877,0
0.172413793103448,0.586206896551724,0,NaN,NaN,NaN,0,0,0,0.0009708,0
0.172413793103448,0.620689655172414,0,NaN,NaN,NaN,0,0,0,0.0009649,0
0.172413793103448,0.655172413793103,0,NaN,NaN,NaN,0,0,0,0.0008896,0
0.172413793103448,0.689655172413793,0,NaN,NaN,NaN,0,0,0,0.000964,0
0.172413793103448,0.724137931034483,0,NaN,NaN,NaN,0,0,0,0.0011039,0
0.172413793103448,0.758620689655172,0,NaN,NaN,NaN,0,0,0,0.0009076,0
0.172413793103448,0.793103448275862,0,NaN,NaN,NaN,0,0,0,0.0008726,0
0.172413793103448,0.827586206896552,0,NaN,NaN,NaN,0,0,0,0.0008682,0
0.172413793103448,0.862068965517241,0,NaN,NaN,NaN,0,0,0,0.0009689,0
0.172413793103448,0.896551724137931,0,NaN,NaN,NaN,0,0,0,0.0009039,0
0.172413793103448,0.931034482758621,0,NaN,NaN,NaN,0,0,0,0.0009719,0
0.172413793103448,0.96551724137931,0,NaN,NaN,NaN,0,0,0,0.0008863,0
0.172413793103448,0.999,0,NaN,NaN,NaN,0,0,0,0.0010165,0
0.206896551724138,0.001,989,41.7118301391602,2383.0302734375,2909.85522460938,43.25,631.460510253906,9.52368545532227,0.0021948,0
0.206896551724138,0.0344827586206897,989,41.7118301391602,2383.0302734375,2909.85522460938,43.25,631.460510253906,9.52368545532227,0.0016063,0
0.206896551724138,0.0689655172413793,989,41.7118301391602,2383.0302734375,2909.85522460938,43.25,631.460510253906,9.52368545532227,0.0013245,0
0.206896551724138,0.103448275862069,989,41.7118301391602,2383.0302734375,2909.85522460938,43.25,631.460510253906,9.52368545532227,0.0012392,0
0.206896551724138,0.137931034482759,562,50.8309593200684,2499.95166015625,2708.564453125,52.7000007629395,712.368408203125,12.1157903671265,0.0011472,0
0.206896551724138,0.172413793103448,327,59.5474014282227,2606.16137695313,2590.08349609375,57.4500007629395,741.60791015625,6.27368497848511,0.0010739,0
0.206896551724138,0.206896551724138,178,69.4887619018555,3000.29809570313,2563.01171875,69.9499969482422,272.252624511719,39.4842071533203,0.0009737,0
0.206896551724138,0.241379310344828,97,80.0927810668945,2971.09838867188,2250.62719726563,81.1500015258789,290.471069335938,86.5263137817383,0.0009384,0
0.206896551724138,0.275862068965517,70,85.5999984741211,2758.37451171875,2417.02465820313,86.0999984741211,655.831604003906,109.144737243652,0.001016,0
0.206896551724138,0.310344827586207,44,92.75,2724.53857421875,2581.69116210938,94.25,1785.20764160156,564.155212402344,0.0009221,0
0.206896551724138,0.344827586206897,26,100,2771.13818359375,2872.73876953125,100.900001525879,2697.30541992188,1382.15783691406,0.0009457,0
0.206896551724138,0.379310344827586,15,105.266670227051,2777.71435546875,2915.60009765625,0,0,0,0.0010004,0
0.206896551724138,0.413793103448276,5,113.599998474121,3134,2317.19995117188,0,0,0,0.0008739,0
0.206896551724138,0.448275862068966,1,124,5512.5,5512.5,0,0,0,0.001341,0
0.206896551724138,0.482758620689655,1,124,5512.5,5512.5,0,0,0,0.0009751,0
0.206896551724138,0.517241379310345,0,NaN,NaN,NaN,0,0,0,0.0009611,0
0.206896551724138,0.551724137931034,0,NaN,NaN,NaN,0,0,0,0.0008842,0
0.206896551724138,0.586206896551724,0,NaN,NaN,NaN,0,0,0,0.0008668,0
0.206896551724138,0.620689655172414,0,NaN,NaN,NaN,0,0,0,0.0008867,0
0.206896551724138,0.655172413793103,0,NaN,NaN,NaN,0,0,0,0.0010027,0
0.206896551724138,0.689655172413793,0,NaN,NaN,NaN,0,0,0,0.0008914,0
0.206896551724138,0.724137931034483,0,NaN,NaN,NaN,0,0,0,0.0008695,0
0.206896551724138,0.758620689655172,0,NaN,NaN,NaN,0,0,0,0.0009915,0
0.206896551724138,0.793103448275862,0,NaN,NaN,NaN,0,0,0,0.0009785,0
0.206896551724138,0.827586206896552,0,NaN,NaN,NaN,0,0,0,0.0008866,0
0.206896551724138,0.862068965517241,0,NaN,NaN,NaN,0,0,0,0.0008702,0
0.206896551724138,0.896551724137931,0,NaN,NaN,NaN,0,0,0,0.0008821,0
0.206896551724138,0.931034482758621,0,NaN,NaN,NaN,0,0,0,0.0009619,0
0.206896551724138,0.96551724137931,0,NaN,NaN,NaN,0,0,0,0.0012037,0
0.206896551724138,0.999,0,NaN,NaN,NaN,0,0,0,0.0008906,0
0.241379310344828,0.001,775,45.6193542480469,2409.25927734375,2824.77270507813,47.9000015258789,865.818481445313,13.3684206008911,0.0022684,0
0.241379310344828,0.0344827586206897,775,45.6193542480469,2409.25927734375,2824.77270507813,47.9000015258789,865.818481445313,13.3684206008911,0.0016411,0
0.241379310344828,0.0689655172413793,775,45.6193542480469,2409.25927734375,2824.77270507813,47.9000015258789,865.818481445313,13.3684206008911,0.0025505,0
0.241379310344828,0.103448275862069,775,45.6193542480469,2409.25927734375,2824.77270507813,47.9000015258789,865.818481445313,13.3684206008911,0.0021266,0
0.241379310344828,0.137931034482759,562,50.8309593200684,2499.95166015625,2708.564453125,52.7000007629395,712.368408203125,12.1157903671265,0.0014117,0
0.241379310344828,0.172413793103448,327,59.5474014282227,2606.16137695313,2590.08349609375,57.4500007629395,741.60791015625,6.27368497848511,0.0010922,0
0.241379310344828,0.206896551724138,178,69.4887619018555,3000.29809570313,2563.01171875,69.9499969482422,272.252624511719,39.4842071533203,0.0010402,0
0.241379310344828,0.241379310344828,97,80.0927810668945,2971.09838867188,2250.62719726563,81.1500015258789,290.471069335938,86.5263137817383,0.0010537,0
0.241379310344828,0.275862068965517,70,85.5999984741211,2758.37451171875,2417.02465820313,86.0999984741211,655.831604003906,109.144737243652,0.000982,0
0.241379310344828,0.310344827586207,44,92.75,2724.53857421875,2581.69116210938,94.25,1785.20764160156,564.155212402344,0.0010561,0
0.241379310344828,0.344827586206897,26,100,2771.13818359375,2872.73876953125,100.900001525879,2697.30541992188,1382.15783691406,0.0011446,0
0.241379310344828,0.379310344827586,15,105.266670227051,2777.71435546875,2915.60009765625,0,0,0,0.0009534,0
0.241379310344828,0.413793103448276,5,113.599998474121,3134,2317.19995117188,0,0,0,0.0008599,0
0.241379310344828,0.448275862068966,1,124,5512.5,5512.5,0,0,0,0.0009071,0
0.241379310344828,0.482758620689655,1,124,5512.5,5512.5,0,0,0,0.0009469,0
0.241379310344828,0.517241379310345,0,NaN,NaN,NaN,0,0,0,0.0008693,0
0.241379310344828,0.551724137931034,0,NaN,NaN,NaN,0,0,0,0.0008494,0
0.241379310344828,0.586206896551724,0,NaN,NaN,NaN,0,0,0,0.0008717,0
0.241379310344828,0.620689655172414,0,NaN,NaN,NaN,0,0,0,0.0009292,0
0.241379310344828,0.655172413793103,0,NaN,NaN,NaN,0,0,0,0.0008948,0
0.241379310344828,0.689655172413793,0,NaN,NaN,NaN,0,0,0,0.0009932,0
0.241379310344828,0.724137931034483,0,NaN,NaN,NaN,0,0,0,0.0010422,0
0.241379310344828,0.758620689655172,0,NaN,NaN,NaN,0,0,0,0.0009502,0
0.241379310344828,0.793103448275862,0,NaN,NaN,NaN,0,0,0,0.0008864,0
0.241379310344828,0.827586206896552,0,NaN,NaN,NaN,0,0,0,0.0008741,0
0.241379310344828,0.862068965517241,0,NaN,NaN,NaN,0,0,0,0.0009185,0
0.241379310344828,0.896551724137931,0,NaN,NaN,NaN,0,0,0,0.0009491,0
0.241379310344828,0.931034482758621,0,NaN,NaN,NaN,0,0,0,0.0008785,0
0.241379310344828,0.96551724137931,0,NaN,NaN,NaN,0,0,0,0.0011364,0
0.241379310344828,0.999,0,NaN,NaN,NaN,0,0,0,0.0010613,0
0.275862068965517,0.001,562,50.8309593200684,2499.95166015625,2708.564453125,52.7000007629395,712.368408203125,12.1157903671265,0.0021762,0
0.275862068965517,0.0344827586206897,562,50.8309593200684,2499.95166015625,2708.564453125,52.7000007629395,712.368408203125,12.1157903671265,0.0016297,0
0.275862068965517,0.0689655172413793,562,50.8309593200684,2499.95166015625,2708.564453125,52.7000007629395,712.368408203125,12.1157903671265,0.0013135,0
0.275862068965517,0.103448275862069,562,50.8309593200684,2499.95166015625,2708.564453125,52.7000007629395,712.368408203125,12.1157903671265,0.0011151,0
0.275862068965517,0.137931034482759,562,50.8309593200684,2499.95166015625,2708.564453125,52.7000007629395,712.368408203125,12.1157903671265,0.0010189,0
0.275862068965517,0.172413793103448,327,59.5474014282227,2606.16137695313,2590.08349609375,57.4500007629395,741.60791015625,6.27368497848511,0.0011469,0
0.275862068965517,0.206896551724138,178,69.4887619018555,3000.29809570313,2563.01171875,69.9499969482422,272.252624511719,39.4842071533203,0.0010591,0
0.275862068965517,0.241379310344828,97,80.0927810668945,2971.09838867188,2250.62719726563,81.1500015258789,290.471069335938,86.5263137817383,0.001137,0
0.275862068965517,0.275862068965517,70,85.5999984741211,2758.37451171875,2417.02465820313,86.0999984741211,655.831604003906,109.144737243652,0.0011433,0
0.275862068965517,0.310344827586207,44,92.75,2724.53857421875,2581.69116210938,94.25,1785.20764160156,564.155212402344,0.0010831,0
0.275862068965517,0.344827586206897,26,100,2771.13818359375,2872.73876953125,100.900001525879,2697.30541992188,1382.15783691406,0.001329,0
0.275862068965517,0.379310344827586,15,105.266670227051,2777.71435546875,2915.60009765625,0,0,0,0.0016315,0
0.275862068965517,0.413793103448276,5,113.599998474121,3134,2317.19995117188,0,0,0,0.0020734,0
0.275862068965517,0.448275862068966,1,124,5512.5,5512.5,0,0,0,0.0015786,0
0.275862068965517,0.482758620689655,1,124,5512.5,5512.5,0,0,0,0.0015305,0
0.275862068965517,0.517241379310345,0,NaN,NaN,NaN,0,0,0,0.0015117,0
0.275862068965517,0.551724137931034,0,NaN,NaN,NaN,0,0,0,0.0018885,0
0.275862068965517,0.586206896551724,0,NaN,NaN,NaN,0,0,0,0.0015153,0
0.275862068965517,0.620689655172414,0,NaN,NaN,NaN,0,0,0,0.0016462,0
0.275862068965517,0.655172413793103,0,NaN,NaN,NaN,0,0,0,0.0017587,0
0.275862068965517,0.689655172413793,0,NaN,NaN,NaN,0,0,0,0.0017126,0
0.275862068965517,0.724137931034483,0,NaN,NaN,NaN,0,0,0,0.0017555,0
0.275862068965517,0.758620689655172,0,NaN,NaN,NaN,0,0,0,0.0016278,0
0.275862068965517,0.793103448275862,0,NaN,NaN,NaN,0,0,0,0.0023736,0
0.275862068965517,0.827586206896552,0,NaN,NaN,NaN,0,0,0,0.0017942,0
0.275862068965517,0.862068965517241,0,NaN,NaN,NaN,0,0,0,0.0020029,0
0.275862068965517,0.896551724137931,0,NaN,NaN,NaN,0,0,0,0.0020374,0
0.275862068965517,0.931034482758621,0,NaN,NaN,NaN,0,0,0,0.0021326,0
0.275862068965517,0.96551724137931,0,NaN,NaN,NaN,0,0,0,0.0023795,0
0.275862068965517,0.999,0,NaN,NaN,NaN,0,0,0,0.0016714,0
0.310344827586207,0.001,443,54.7088050842285,2476.83349609375,2628.24780273438,53.8499984741211,780.976318359375,10.4842090606689,0.0037861,0
0.310344827586207,0.0344827586206897,443,54.7088050842285,2476.83349609375,2628.24780273438,53.8499984741211,780.976318359375,10.4842090606689,0.0030135,0
0.310344827586207,0.0689655172413793,443,54.7088050842285,2476.83349609375,2628.24780273438,53.8499984741211,780.976318359375,10.4842090606689,0.0025529,0
0.310344827586207,0.103448275862069,443,54.7088050842285,2476.83349609375,2628.24780273438,53.8499984741211,780.976318359375,10.4842090606689,0.0021406,0
0.310344827586207,0.137931034482759,443,54.7088050842285,2476.83349609375,2628.24780273438,53.8499984741211,780.976318359375,10.4842090606689,0.0015424,0
0.310344827586207,0.172413793103448,327,59.5474014282227,2606.16137695313,2590.08349609375,57.4500007629395,741.60791015625,6.27368497848511,0.0010698,0
0.310344827586207,0.206896551724138,178,69.4887619018555,3000.29809570313,2563.01171875,69.9499969482422,272.252624511719,39.4842071533203,0.0010641,0
0.310344827586207,0.241379310344828,97,80.0927810668945,2971.09838867188,2250.62719726563,81.1500015258789,290.471069335938,86.5263137817383,0.001002,0
0.310344827586207,0.275862068965517,70,85.5999984741211,2758.37451171875,2417.02465820313,86.0999984741211,655.831604003906,109.144737243652,0.0011798,0
0.310344827586207,0.310344827586207,44,92.75,2724.53857421875,2581.69116210938,94.25,1785.20764160156,564.155212402344,0.000979,0
0.310344827586207,0.344827586206897,26,100,2771.13818359375,2872.73876953125,100.900001525879,2697.30541992188,1382.15783691406,0.0010831,0
0.310344827586207,0.379310344827586,15,105.266670227051,2777.71435546875,2915.60009765625,0,0,0,0.0009858,0
0.310344827586207,0.413793103448276,5,113.599998474121,3134,2317.19995117188,0,0,0,0.0008922,0
0.310344827586207,0.448275862068966,1,124,5512.5,5512.5,0,0,0,0.0008955,0
0.310344827586207,0.482758620689655,1,124,5512.5,5512.5,0,0,0,0.0010949,0
0.310344827586207,0.517241379310345,0,NaN,NaN,NaN,0,0,0,0.0009661,0
0.310344827586207,0.551724137931034,0,NaN,NaN,NaN,0,0,0,0.0008912,0
0.310344827586207,0.586206896551724,0,NaN,NaN,NaN,0,0,0,0.0008684,0
0.310344827586207,0.620689655172414,0,NaN,NaN,NaN,0,0,0,0.0008894,0
0.310344827586207,0.655172413793103,0,NaN,NaN,NaN,0,0,0,0.0009374,0
0.310344827586207,0.689655172413793,0,NaN,NaN,NaN,0,0,0,0.0008855,0
0.310344827586207,0.724137931034483,0,NaN,NaN,NaN,0,0,0,0.0008675,0
0.310344827586207,0.758620689655172,0,NaN,NaN,NaN,0,0,0,0.000992,0
0.310344827586207,0.793103448275862,0,NaN,NaN,NaN,0,0,0,0.0011066,0
0.310344827586207,0.827586206896552,0,NaN,NaN,NaN,0,0,0,0.0010819,0
0.310344827586207,0.862068965517241,0,NaN,NaN,NaN,0,0,0,0.0009468,0
0.310344827586207,0.896551724137931,0,NaN,NaN,NaN,0,0,0,0.0011031,0
0.310344827586207,0.931034482758621,0,NaN,NaN,NaN,0,0,0,0.000961,0
0.310344827586207,0.96551724137931,0,NaN,NaN,NaN,0,0,0,0.0014415,0
0.310344827586207,0.999,0,NaN,NaN,NaN,0,0,0,0.0018733,0
0.344827586206897,0.001,348,58.5488510131836,2533.76611328125,2601.59936523438,56.7999992370605,740.828918457031,6.72368431091309,0.0031872,0
0.344827586206897,0.0344827586206897,348,58.5488510131836,2533.76611328125,2601.59936523438,56.7999992370605,740.828918457031,6.72368431091309,0.0016567,0
0.344827586206897,0.0689655172413793,348,58.5488510131836,2533.76611328125,2601.59936523438,56.7999992370605,740.828918457031,6.72368431091309,0.0013542,0
0.344827586206897,0.103448275862069,348,58.5488510131836,2533.76611328125,2601.59936523438,56.7999992370605,740.828918457031,6.72368431091309,0.0013151,0
0.344827586206897,0.137931034482759,348,58.5488510131836,2533.76611328125,2601.59936523438,56.7999992370605,740.828918457031,6.72368431091309,0.0011983,0
0.344827586206897,0.172413793103448,327,59.5474014282227,2606.16137695313,2590.08349609375,57.4500007629395,741.60791015625,6.27368497848511,0.0011272,0
0.344827586206897,0.206896551724138,178,69.4887619018555,3000.29809570313,2563.01171875,69.9499969482422,272.252624511719,39.4842071533203,0.0011197,0
0.344827586206897,0.241379310344828,97,80.0927810668945,2971.09838867188,2250.62719726563,81.1500015258789,290.471069335938,86.5263137817383,0.0009856,0
0.344827586206897,0.275862068965517,70,85.5999984741211,2758.37451171875,2417.02465820313,86.0999984741211,655.831604003906,109.144737243652,0.0009135,0
0.344827586206897,0.310344827586207,44,92.75,2724.53857421875,2581.69116210938,94.25,1785.20764160156,564.155212402344,0.0010115,0
0.344827586206897,0.344827586206897,26,100,2771.13818359375,2872.73876953125,100.900001525879,2697.30541992188,1382.15783691406,0.0009655,0
0.344827586206897,0.379310344827586,15,105.266670227051,2777.71435546875,2915.60009765625,0,0,0,0.0008844,0
0.344827586206897,0.413793103448276,5,113.599998474121,3134,2317.19995117188,0,0,0,0.0009484,0
0.344827586206897,0.448275862068966,1,124,5512.5,5512.5,0,0,0,0.0010822,0
0.344827586206897,0.482758620689655,1,124,5512.5,5512.5,0,0,0,0.0009266,0
0.344827586206897,0.517241379310345,0,NaN,NaN,NaN,0,0,0,0.0008653,0
0.344827586206897,0.551724137931034,0,NaN,NaN,NaN,0,0,0,0.0008506,0
0.344827586206897,0.586206896551724,0,NaN,NaN,NaN,0,0,0,0.0009226,0
0.344827586206897,0.620689655172414,0,NaN,NaN,NaN,0,0,0,0.0009203,0
0.344827586206897,0.655172413793103,0,NaN,NaN,NaN,0,0,0,0.0008616,0
0.344827586206897,0.689655172413793,0,NaN,NaN,NaN,0,0,0,0.0010414,0
0.344827586206897,0.724137931034483,0,NaN,NaN,NaN,0,0,0,0.0011486,0
0.344827586206897,0.758620689655172,0,NaN,NaN,NaN,0,0,0,0.000967,0
0.344827586206897,0.793103448275862,0,NaN,NaN,NaN,0,0,0,0.0008804,0
0.344827586206897,0.827586206896552,0,NaN,NaN,NaN,0,0,0,0.0008587,0
0.344827586206897,0.862068965517241,0,NaN,NaN,NaN,0,0,0,0.0009903,0
0.344827586206897,0.896551724137931,0,NaN,NaN,NaN,0,0,0,0.0009421,0
0.344827586206897,0.931034482758621,0,NaN,NaN,NaN,0,0,0,0.0008798,0
0.344827586206897,0.96551724137931,0,NaN,NaN,NaN,0,0,0,0.0008718,0
0.344827586206897,0.999,0,NaN,NaN,NaN,0,0,0,0.0010287,0
0.379310344827586,0.001,250,63.8400001525879,2821.92211914063,2587.146484375,61.0499992370605,670.092102050781,10.871054649353,0.0028375,0
0.379310344827586,0.0344827586206897,250,63.8400001525879,2821.92211914063,2587.146484375,61.0499992370605,670.092102050781,10.871054649353,0.001682,0
0.379310344827586,0.0689655172413793,250,63.8400001525879,2821.92211914063,2587.146484375,61.0499992370605,670.092102050781,10.871054649353,0.0012712,0
0.379310344827586,0.103448275862069,250,63.8400001525879,2821.92211914063,2587.146484375,61.0499992370605,670.092102050781,10.871054649353,0.0010999,0
0.379310344827586,0.137931034482759,250,63.8400001525879,2821.92211914063,2587.146484375,61.0499992370605,670.092102050781,10.871054649353,0.0010652,0
0.379310344827586,0.172413793103448,250,63.8400001525879,2821.92211914063,2587.146484375,61.0499992370605,670.092102050781,10.871054649353,0.0011435,0
0.379310344827586,0.206896551724138,178,69.4887619018555,3000.29809570313,2563.01171875,69.9499969482422,272.252624511719,39.4842071533203,0.0016523,0
0.379310344827586,0.241379310344828,97,80.0927810668945,2971.09838867188,2250.62719726563,81.1500015258789,290.471069335938,86.5263137817383,0.0017173,0
0.379310344827586,0.275862068965517,70,85.5999984741211,2758.37451171875,2417.02465820313,86.0999984741211,655.831604003906,109.144737243652,0.0017586,0
0.379310344827586,0.310344827586207,44,92.75,2724.53857421875,2581.69116210938,94.25,1785.20764160156,564.155212402344,0.0016478,0
0.379310344827586,0.344827586206897,26,100,2771.13818359375,2872.73876953125,100.900001525879,2697.30541992188,1382.15783691406,0.0013797,0
0.379310344827586,0.379310344827586,15,105.266670227051,2777.71435546875,2915.60009765625,0,0,0,0.0009857,0
0.379310344827586,0.413793103448276,5,113.599998474121,3134,2317.19995117188,0,0,0,0.0008611,0
0.379310344827586,0.448275862068966,1,124,5512.5,5512.5,0,0,0,0.0008893,0
0.379310344827586,0.482758620689655,1,124,5512.5,5512.5,0,0,0,0.0009652,0
0.379310344827586,0.517241379310345,0,NaN,NaN,NaN,0,0,0,0.0008759,0
0.379310344827586,0.551724137931034,0,NaN,NaN,NaN,0,0,0,0.0010256,0
0.379310344827586,0.586206896551724,0,NaN,NaN,NaN,0,0,0,0.0009318,0
0.379310344827586,0.620689655172414,0,NaN,NaN,NaN,0,0,0,0.0010041,0
0.379310344827586,0.655172413793103,0,NaN,NaN,NaN,0,0,0,0.0008908,0
0.379310344827586,0.689655172413793,0,NaN,NaN,NaN,0,0,0,0.0008694,0
0.379310344827586,0.724137931034483,0,NaN,NaN,NaN,0,0,0,0.0008839,0
0.379310344827586,0.758620689655172,0,NaN,NaN,NaN,0,0,0,0.0009427,0
0.379310344827586,0.793103448275862,0,NaN,NaN,NaN,0,0,0,0.0008809,0
0.379310344827586,0.827586206896552,0,NaN,NaN,NaN,0,0,0,0.0008626,0
0.379310344827586,0.862068965517241,0,NaN,NaN,NaN,0,0,0,0.0008664,0
0.379310344827586,0.896551724137931,0,NaN,NaN,NaN,0,0,0,0.000955,0
0.379310344827586,0.931034482758621,0,NaN,NaN,NaN,0,0,0,0.0020803,0
0.379310344827586,0.96551724137931,0,NaN,NaN,NaN,0,0,0,0.0011533,0
0.379310344827586,0.999,0,NaN,NaN,NaN,0,0,0,0.0009887,0
0.413793103448276,0.001,184,68.9184799194336,2991.99975585938,2585.87768554688,68.1500015258789,210.957901000977,30.6421031951904,0.0022465,0
0.413793103448276,0.0344827586206897,184,68.9184799194336,2991.99975585938,2585.87768554688,68.1500015258789,210.957901000977,30.6421031951904,0.001651,0
0.413793103448276,0.0689655172413793,184,68.9184799194336,2991.99975585938,2585.87768554688,68.1500015258789,210.957901000977,30.6421031951904,0.00127,0
0.413793103448276,0.103448275862069,184,68.9184799194336,2991.99975585938,2585.87768554688,68.1500015258789,210.957901000977,30.6421031951904,0.0011359,0
0.413793103448276,0.137931034482759,184,68.9184799194336,2991.99975585938,2585.87768554688,68.1500015258789,210.957901000977,30.6421031951904,0.0011159,0
0.413793103448276,0.172413793103448,184,68.9184799194336,2991.99975585938,2585.87768554688,68.1500015258789,210.957901000977,30.6421031951904,0.001004,0
0.413793103448276,0.206896551724138,178,69.4887619018555,3000.29809570313,2563.01171875,69.9499969482422,272.252624511719,39.4842071533203,0.0011721,0
0.413793103448276,0.241379310344828,97,80.0927810668945,2971.09838867188,2250.62719726563,81.1500015258789,290.471069335938,86.5263137817383,0.001044,0
0.413793103448276,0.275862068965517,70,85.5999984741211,2758.37451171875,2417.02465820313,86.0999984741211,655.831604003906,109.144737243652,0.0009715,0
0.413793103448276,0.310344827586207,44,92.75,2724.53857421875,2581.69116210938,94.25,1785.20764160156,564.155212402344,0.000991,0
0.413793103448276,0.344827586206897,26,100,2771.13818359375,2872.73876953125,100.900001525879,2697.30541992188,1382.15783691406,0.0009681,0
0.413793103448276,0.379310344827586,15,105.266670227051,2777.71435546875,2915.60009765625,0,0,0,0.0009303,0
0.413793103448276,0.413793103448276,5,113.599998474121,3134,2317.19995117188,0,0,0,0.0008481,0
0.413793103448276,0.448275862068966,1,124,5512.5,5512.5,0,0,0,0.0008734,0
0.413793103448276,0.482758620689655,1,124,5512.5,5512.5,0,0,0,0.000927,0
0.413793103448276,0.517241379310345,0,NaN,NaN,NaN,0,0,0,0.0009232,0
0.413793103448276,0.551724137931034,0,NaN,NaN,NaN,0,0,0,0.0009105,0
0.413793103448276,0.586206896551724,0,NaN,NaN,NaN,0,0,0,0.0018529,0
0.413793103448276,0.620689655172414,0,NaN,NaN,NaN,0,0,0,0.0017381,0
0.413793103448276,0.655172413793103,0,NaN,NaN,NaN,0,0,0,0.0009728,0
0.413793103448276,0.689655172413793,0,NaN,NaN,NaN,0,0,0,0.0010127,0
0.413793103448276,0.724137931034483,0,NaN,NaN,NaN,0,0,0,0.0011273,0
0.413793103448276,0.758620689655172,0,NaN,NaN,NaN,0,0,0,0.0012581,0
0.413793103448276,0.793103448275862,0,NaN,NaN,NaN,0,0,0,0.0016861,0
0.413793103448276,0.827586206896552,0,NaN,NaN,NaN,0,0,0,0.0020015,0
0.413793103448276,0.862068965517241,0,NaN,NaN,NaN,0,0,0,0.0020304,0
0.413793103448276,0.896551724137931,0,NaN,NaN,NaN,0,0,0,0.0019009,0
0.413793103448276,0.931034482758621,0,NaN,NaN,NaN,0,0,0,0.0016636,0
0.413793103448276,0.96551724137931,0,NaN,NaN,NaN,0,0,0,0.0017977,0
0.413793103448276,0.999,0,NaN,NaN,NaN,0,0,0,0.0016192,0
0.448275862068966,0.001,151,72.2781448364258,3122.21875,2279.96533203125,74.5999984741211,443.463104248047,56.0500030517578,0.003651,0
0.448275862068966,0.0344827586206897,151,72.2781448364258,3122.21875,2279.96533203125,74.5999984741211,443.463104248047,56.0500030517578,0.0022143,0
0.448275862068966,0.0689655172413793,151,72.2781448364258,3122.21875,2279.96533203125,74.5999984741211,443.463104248047,56.0500030517578,0.00186,0
0.448275862068966,0.103448275862069,151,72.2781448364258,3122.21875,2279.96533203125,74.5999984741211,443.463104248047,56.0500030517578,0.0020551,0
0.448275862068966,0.137931034482759,151,72.2781448364258,3122.21875,2279.96533203125,74.5999984741211,443.463104248047,56.0500030517578,0.0020676,0
0.448275862068966,0.172413793103448,151,72.2781448364258,3122.21875,2279.96533203125,74.5999984741211,443.463104248047,56.0500030517578,0.0013917,0
0.448275862068966,0.206896551724138,151,72.2781448364258,3122.21875,2279.96533203125,74.5999984741211,443.463104248047,56.0500030517578,0.0010463,0
0.448275862068966,0.241379310344828,97,80.0927810668945,2971.09838867188,2250.62719726563,81.1500015258789,290.471069335938,86.5263137817383,0.0010073,0
0.448275862068966,0.275862068965517,70,85.5999984741211,2758.37451171875,2417.02465820313,86.0999984741211,655.831604003906,109.144737243652,0.0010532,0
0.448275862068966,0.310344827586207,44,92.75,2724.53857421875,2581.69116210938,94.25,1785.20764160156,564.155212402344,0.0009458,0
0.448275862068966,0.344827586206897,26,100,2771.13818359375,2872.73876953125,100.900001525879,2697.30541992188,1382.15783691406,0.0009897,0
0.448275862068966,0.379310344827586,15,105.266670227051,2777.71435546875,2915.60009765625,0,0,0,0.0009095,0
0.448275862068966,0.413793103448276,5,113.599998474121,3134,2317.19995117188,0,0,0,0.0008765,0
0.448275862068966,0.448275862068966,1,124,5512.5,5512.5,0,0,0,0.0013968,0
0.448275862068966,0.482758620689655,1,124,5512.5,5512.5,0,0,0,0.001095,0
0.448275862068966,0.517241379310345,0,NaN,NaN,NaN,0,0,0,0.0010974,0
0.448275862068966,0.551724137931034,0,NaN,NaN,NaN,0,0,0,0.0011802,0
0.448275862068966,0.586206896551724,0,NaN,NaN,NaN,0,0,0,0.0010706,0
0.448275862068966,0.620689655172414,0,NaN,NaN,NaN,0,0,0,0.0010963,0
0.448275862068966,0.655172413793103,0,NaN,NaN,NaN,0,0,0,0.0011232,0
0.448275862068966,0.689655172413793,0,NaN,NaN,NaN,0,0,0,0.0012599,0
0.448275862068966,0.724137931034483,0,NaN,NaN,NaN,0,0,0,0.0010955,0
0.448275862068966,0.758620689655172,0,NaN,NaN,NaN,0,0,0,0.0011494,0
0.448275862068966,0.793103448275862,0,NaN,NaN,NaN,0,0,0,0.0011772,0
0.448275862068966,0.827586206896552,0,NaN,NaN,NaN,0,0,0,0.0010933,0
0.448275862068966,0.862068965517241,0,NaN,NaN,NaN,0,0,0,0.0010998,0
0.448275862068966,0.896551724137931,0,NaN,NaN,NaN,0,0,0,0.0011991,0
0.448275862068966,0.931034482758621,0,NaN,NaN,NaN,0,0,0,0.0014599,0
0.448275862068966,0.96551724137931,0,NaN,NaN,NaN,0,0,0,0.0010642,0
0.448275862068966,0.999,0,NaN,NaN,NaN,0,0,0,0.0010795,0
0.482758620689655,0.001,112,77.4821395874023,3003.70922851563,2135.65698242188,79.3000030517578,293.684204101563,82.9368362426758,0.0025599,0
0.482758620689655,0.0344827586206897,112,77.4821395874023,3003.70922851563,2135.65698242188,79.3000030517578,293.684204101563,82.9368362426758,0.0018516,0
0.482758620689655,0.0689655172413793,112,77.4821395874023,3003.70922851563,2135.65698242188,79.3000030517578,293.684204101563,82.9368362426758,0.0014956,0
0.482758620689655,0.103448275862069,112,77.4821395874023,3003.70922851563,2135.65698242188,79.3000030517578,293.684204101563,82.9368362426758,0.0014522,0
0.482758620689655,0.137931034482759,112,77.4821395874023,3003.70922851563,2135.65698242188,79.3000030517578,293.684204101563,82.9368362426758,0.0013323,0
0.482758620689655,0.172413793103448,112,77.4821395874023,3003.70922851563,2135.65698242188,79.3000030517578,293.684204101563,82.9368362426758,0.0011829,0
0.482758620689655,0.206896551724138,112,77.4821395874023,3003.70922851563,2135.65698242188,79.3000030517578,293.684204101563,82.9368362426758,0.0013251,0
0.482758620689655,0.241379310344828,97,80.0927810668945,2971.09838867188,2250.62719726563,81.1500015258789,290.471069335938,86.5263137817383,0.0011083,0
0.482758620689655,0.275862068965517,70,85.5999984741211,2758.37451171875,2417.02465820313,86.0999984741211,655.831604003906,109.144737243652,0.0016772,0
0.482758620689655,0.310344827586207,44,92.75,2724.53857421875,2581.69116210938,94.25,1785.20764160156,564.155212402344,0.0018501,0
0.482758620689655,0.344827586206897,26,100,2771.13818359375,2872.73876953125,100.900001525879,2697.30541992188,1382.15783691406,0.0010501,0
0.482758620689655,0.379310344827586,15,105.266670227051,2777.71435546875,2915.60009765625,0,0,0,0.001228,0
0.482758620689655,0.413793103448276,5,113.599998474121,3134,2317.19995117188,0,0,0,0.0010422,0
0.482758620689655,0.448275862068966,1,124,5512.5,5512.5,0,0,0,0.0018429,0
0.482758620689655,0.482758620689655,1,124,5512.5,5512.5,0,0,0,0.0011283,0
0.482758620689655,0.517241379310345,0,NaN,NaN,NaN,0,0,0,0.0009574,0
0.482758620689655,0.551724137931034,0,NaN,NaN,NaN,0,0,0,0.0008916,0
0.482758620689655,0.586206896551724,0,NaN,NaN,NaN,0,0,0,0.0008882,0
0.482758620689655,0.620689655172414,0,NaN,NaN,NaN,0,0,0,0.0009216,0
0.482758620689655,0.655172413793103,0,NaN,NaN,NaN,0,0,0,0.0009908,0
0.482758620689655,0.689655172413793,0,NaN,NaN,NaN,0,0,0,0.0008912,0
0.482758620689655,0.724137931034483,0,NaN,NaN,NaN,0,0,0,0.0008746,0
0.482758620689655,0.758620689655172,0,NaN,NaN,NaN,0,0,0,0.0009178,0
0.482758620689655,0.793103448275862,0,NaN,NaN,NaN,0,0,0,0.0009511,0
0.482758620689655,0.827586206896552,0,NaN,NaN,NaN,0,0,0,0.0008576,0
0.482758620689655,0.862068965517241,0,NaN,NaN,NaN,0,0,0,0.0008697,0
0.482758620689655,0.896551724137931,0,NaN,NaN,NaN,0,0,0,0.0009239,0
0.482758620689655,0.931034482758621,0,NaN,NaN,NaN,0,0,0,0.0008562,0
0.482758620689655,0.96551724137931,0,NaN,NaN,NaN,0,0,0,0.0008356,0
0.482758620689655,0.999,0,NaN,NaN,NaN,0,0,0,0.0008375,0
0.517241379310345,0.001,90,81.4222259521484,2964.4775390625,2282.96875,83.5500030517578,477.986846923828,89.8526382446289,0.002187,0
0.517241379310345,0.0344827586206897,90,81.4222259521484,2964.4775390625,2282.96875,83.5500030517578,477.986846923828,89.8526382446289,0.0015845,0
0.517241379310345,0.0689655172413793,90,81.4222259521484,2964.4775390625,2282.96875,83.5500030517578,477.986846923828,89.8526382446289,0.0013367,0
0.517241379310345,0.103448275862069,90,81.4222259521484,2964.4775390625,2282.96875,83.5500030517578,477.986846923828,89.8526382446289,0.0011612,0
0.517241379310345,0.137931034482759,90,81.4222259521484,2964.4775390625,2282.96875,83.5500030517578,477.986846923828,89.8526382446289,0.0010471,0
0.517241379310345,0.172413793103448,90,81.4222259521484,2964.4775390625,2282.96875,83.5500030517578,477.986846923828,89.8526382446289,0.0010642,0
0.517241379310345,0.206896551724138,90,81.4222259521484,2964.4775390625,2282.96875,83.5500030517578,477.986846923828,89.8526382446289,0.0010232,0
0.517241379310345,0.241379310344828,90,81.4222259521484,2964.4775390625,2282.96875,83.5500030517578,477.986846923828,89.8526382446289,0.000943,0
0.517241379310345,0.275862068965517,70,85.5999984741211,2758.37451171875,2417.02465820313,86.0999984741211,655.831604003906,109.144737243652,0.001067,0
0.517241379310345,0.310344827586207,44,92.75,2724.53857421875,2581.69116210938,94.25,1785.20764160156,564.155212402344,0.0009922,0
0.517241379310345,0.344827586206897,26,100,2771.13818359375,2872.73876953125,100.900001525879,2697.30541992188,1382.15783691406,0.0009953,0
0.517241379310345,0.379310344827586,15,105.266670227051,2777.71435546875,2915.60009765625,0,0,0,0.0009169,0
0.517241379310345,0.413793103448276,5,113.599998474121,3134,2317.19995117188,0,0,0,0.0009691,0
0.517241379310345,0.448275862068966,1,124,5512.5,5512.5,0,0,0,0.0009105,0
0.517241379310345,0.482758620689655,1,124,5512.5,5512.5,0,0,0,0.0008857,0
0.517241379310345,0.517241379310345,0,NaN,NaN,NaN,0,0,0,0.0008783,0
0.517241379310345,0.551724137931034,0,NaN,NaN,NaN,0,0,0,0.0009997,0
0.517241379310345,0.586206896551724,0,NaN,NaN,NaN,0,0,0,0.0008916,0
0.517241379310345,0.620689655172414,0,NaN,NaN,NaN,0,0,0,0.0008735,0
0.517241379310345,0.655172413793103,0,NaN,NaN,NaN,0,0,0,0.0010016,0
0.517241379310345,0.689655172413793,0,NaN,NaN,NaN,0,0,0,0.0009684,0
0.517241379310345,0.724137931034483,0,NaN,NaN,NaN,0,0,0,0.0010473,0
0.517241379310345,0.758620689655172,0,NaN,NaN,NaN,0,0,0,0.0009089,0
0.517241379310345,0.793103448275862,0,NaN,NaN,NaN,0,0,0,0.0009086,0
0.517241379310345,0.827586206896552,0,NaN,NaN,NaN,0,0,0,0.0014195,0
0.517241379310345,0.862068965517241,0,NaN,NaN,NaN,0,0,0,0.0020752,0
0.517241379310345,0.896551724137931,0,NaN,NaN,NaN,0,0,0,0.002039,0
0.517241379310345,0.931034482758621,0,NaN,NaN,NaN,0,0,0,0.002042,0
0.517241379310345,0.96551724137931,0,NaN,NaN,NaN,0,0,0,0.0016858,0
0.517241379310345,0.999,0,NaN,NaN,NaN,0,0,0,0.0009762,0
0.551724137931034,0.001,74,84.7027053833008,2878.5615234375,2335.60913085938,84.3499984741211,554.010498046875,99.4184112548828,0.0022365,0
0.551724137931034,0.0344827586206897,74,84.7027053833008,2878.5615234375,2335.60913085938,84.3499984741211,554.010498046875,99.4184112548828,0.0015093,0
0.551724137931034,0.0689655172413793,74,84.7027053833008,2878.5615234375,2335.60913085938,84.3499984741211,554.010498046875,99.4184112548828,0.0012164,0
0.551724137931034,0.103448275862069,74,84.7027053833008,2878.5615234375,2335.60913085938,84.3499984741211,554.010498046875,99.4184112548828,0.0012667,0
0.551724137931034,0.137931034482759,74,84.7027053833008,2878.5615234375,2335.60913085938,84.3499984741211,554.010498046875,99.4184112548828,0.0010397,0
0.551724137931034,0.172413793103448,74,84.7027053833008,2878.5615234375,2335.60913085938,84.3499984741211,554.010498046875,99.4184112548828,0.0010859,0
0.551724137931034,0.206896551724138,74,84.7027053833008,2878.5615234375,2335.60913085938,84.3499984741211,554.010498046875,99.4184112548828,0.0010332,0
0.551724137931034,0.241379310344828,74,84.7027053833008,2878.5615234375,2335.60913085938,84.3499984741211,554.010498046875,99.4184112548828,0.0013068,0
0.551724137931034,0.275862068965517,70,85.5999984741211,2758.37451171875,2417.02465820313,86.0999984741211,655.831604003906,109.144737243652,0.0009625,0
0.551724137931034,0.310344827586207,44,92.75,2724.53857421875,2581.69116210938,94.25,1785.20764160156,564.155212402344,0.001021,0
0.551724137931034,0.344827586206897,26,100,2771.13818359375,2872.73876953125,100.900001525879,2697.30541992188,1382.15783691406,0.0009143,0
0.551724137931034,0.379310344827586,15,105.266670227051,2777.71435546875,2915.60009765625,0,0,0,0.0009337,0
0.551724137931034,0.413793103448276,5,113.599998474121,3134,2317.19995117188,0,0,0,0.0011104,0
0.551724137931034,0.448275862068966,1,124,5512.5,5512.5,0,0,0,0.0009872,0
0.551724137931034,0.482758620689655,1,124,5512.5,5512.5,0,0,0,0.0009073,0
0.551724137931034,0.517241379310345,0,NaN,NaN,NaN,0,0,0,0.0008792,0
0.551724137931034,0.551724137931034,0,NaN,NaN,NaN,0,0,0,0.0009381,0
0.551724137931034,0.586206896551724,0,NaN,NaN,NaN,0,0,0,0.0009419,0
0.551724137931034,0.620689655172414,0,NaN,NaN,NaN,0,0,0,0.0009659,0
0.551724137931034,0.655172413793103,0,NaN,NaN,NaN,0,0,0,0.0009976,0
0.551724137931034,0.689655172413793,0,NaN,NaN,NaN,0,0,0,0.0011978,0
0.551724137931034,0.724137931034483,0,NaN,NaN,NaN,0,0,0,0.0018378,0
0.551724137931034,0.758620689655172,0,NaN,NaN,NaN,0,0,0,0.0018066,0
0.551724137931034,0.793103448275862,0,NaN,NaN,NaN,0,0,0,0.0017623,0
0.551724137931034,0.827586206896552,0,NaN,NaN,NaN,0,0,0,0.0018882,0
0.551724137931034,0.862068965517241,0,NaN,NaN,NaN,0,0,0,0.0018086,0
0.551724137931034,0.896551724137931,0,NaN,NaN,NaN,0,0,0,0.0030957,0
0.551724137931034,0.931034482758621,0,NaN,NaN,NaN,0,0,0,0.0017058,0
0.551724137931034,0.96551724137931,0,NaN,NaN,NaN,0,0,0,0.0019994,0
0.551724137931034,0.999,0,NaN,NaN,NaN,0,0,0,0.0015758,0
0.586206896551724,0.001,60,88,2613.69384765625,2329.5751953125,88.8000030517578,724.049987792969,140.892105102539,0.0046372,0
0.586206896551724,0.0344827586206897,60,88,2613.69384765625,2329.5751953125,88.8000030517578,724.049987792969,140.892105102539,0.0029664,0
0.586206896551724,0.0689655172413793,60,88,2613.69384765625,2329.5751953125,88.8000030517578,724.049987792969,140.892105102539,0.0022901,0
0.586206896551724,0.103448275862069,60,88,2613.69384765625,2329.5751953125,88.8000030517578,724.049987792969,140.892105102539,0.0019529,0
0.586206896551724,0.137931034482759,60,88,2613.69384765625,2329.5751953125,88.8000030517578,724.049987792969,140.892105102539,0.0020702,0
0.586206896551724,0.172413793103448,60,88,2613.69384765625,2329.5751953125,88.8000030517578,724.049987792969,140.892105102539,0.0018218,0
0.586206896551724,0.206896551724138,60,88,2613.69384765625,2329.5751953125,88.8000030517578,724.049987792969,140.892105102539,0.0017866,0
0.586206896551724,0.241379310344828,60,88,2613.69384765625,2329.5751953125,88.8000030517578,724.049987792969,140.892105102539,0.0021127,0
0.586206896551724,0.275862068965517,60,88,2613.69384765625,2329.5751953125,88.8000030517578,724.049987792969,140.892105102539,0.0020499,0
0.586206896551724,0.310344827586207,44,92.75,2724.53857421875,2581.69116210938,94.25,1785.20764160156,564.155212402344,0.0017275,0
0.586206896551724,0.344827586206897,26,100,2771.13818359375,2872.73876953125,100.900001525879,2697.30541992188,1382.15783691406,0.0020969,0
0.586206896551724,0.379310344827586,15,105.266670227051,2777.71435546875,2915.60009765625,0,0,0,0.0019649,0
0.586206896551724,0.413793103448276,5,113.599998474121,3134,2317.19995117188,0,0,0,0.0018672,0
0.586206896551724,0.448275862068966,1,124,5512.5,5512.5,0,0,0,0.0016405,0
0.586206896551724,0.482758620689655,1,124,5512.5,5512.5,0,0,0,0.0016366,0
0.586206896551724,0.517241379310345,0,NaN,NaN,NaN,0,0,0,0.0018333,0
0.586206896551724,0.551724137931034,0,NaN,NaN,NaN,0,0,0,0.0017257,0
0.586206896551724,0.586206896551724,0,NaN,NaN,NaN,0,0,0,0.0018511,0
0.586206896551724,0.620689655172414,0,NaN,NaN,NaN,0,0,0,0.001764,0
0.586206896551724,0.655172413793103,0,NaN,NaN,NaN,0,0,0,0.001048,0
0.586206896551724,0.689655172413793,0,NaN,NaN,NaN,0,0,0,0.0010479,0
0.586206896551724,0.724137931034483,0,NaN,NaN,NaN,0,0,0,0.0008943,0
0.586206896551724,0.758620689655172,0,NaN,NaN,NaN,0,0,0,0.0010699,0
0.586206896551724,0.793103448275862,0,NaN,NaN,NaN,0,0,0,0.0011081,0
0.586206896551724,0.827586206896552,0,NaN,NaN,NaN,0,0,0,0.0008807,0
0.586206896551724,0.862068965517241,0,NaN,NaN,NaN,0,0,0,0.0010394,0
0.586206896551724,0.896551724137931,0,NaN,NaN,NaN,0,0,0,0.0010637,0
0.586206896551724,0.931034482758621,0,NaN,NaN,NaN,0,0,0,0.0008839,0
0.586206896551724,0.96551724137931,0,NaN,NaN,NaN,0,0,0,0.0008458,0
0.586206896551724,0.999,0,NaN,NaN,NaN,0,0,0,0.0008384,0
0.620689655172414,0.001,47,91.7659606933594,2552.63916015625,2530.5791015625,91.3000030517578,992.199951171875,450.765838623047,0.0022375,0
0.620689655172414,0.0344827586206897,47,91.7659606933594,2552.63916015625,2530.5791015625,91.3000030517578,992.199951171875,450.765838623047,0.001554,0
0.620689655172414,0.0689655172413793,47,91.7659606933594,2552.63916015625,2530.5791015625,91.3000030517578,992.199951171875,450.765838623047,0.0012888,0
0.620689655172414,0.103448275862069,47,91.7659606933594,2552.63916015625,2530.5791015625,91.3000030517578,992.199951171875,450.765838623047,0.0013036,0
0.620689655172414,0.137931034482759,47,91.7659606933594,2552.63916015625,2530.5791015625,91.3000030517578,992.199951171875,450.765838623047,0.0012362,0
0.620689655172414,0.172413793103448,47,91.7659606933594,2552.63916015625,2530.5791015625,91.3000030517578,992.199951171875,450.765838623047,0.0011009,0
0.620689655172414,0.206896551724138,47,91.7659606933594,2552.63916015625,2530.5791015625,91.3000030517578,992.199951171875,450.765838623047,0.0009598,0
0.620689655172414,0.241379310344828,47,91.7659606933594,2552.63916015625,2530.5791015625,91.3000030517578,992.199951171875,450.765838623047,0.0009197,0
0.620689655172414,0.275862068965517,47,91.7659606933594,2552.63916015625,2530.5791015625,91.3000030517578,992.199951171875,450.765838623047,0.00099,0
0.620689655172414,0.310344827586207,44,92.75,2724.53857421875,2581.69116210938,94.25,1785.20764160156,564.155212402344,0.0010595,0
0.620689655172414,0.344827586206897,26,100,2771.13818359375,2872.73876953125,100.900001525879,2697.30541992188,1382.15783691406,0.0009298,0
0.620689655172414,0.379310344827586,15,105.266670227051,2777.71435546875,2915.60009765625,0,0,0,0.0009185,0
0.620689655172414,0.413793103448276,5,113.599998474121,3134,2317.19995117188,0,0,0,0.0010548,0
0.620689655172414,0.448275862068966,1,124,5512.5,5512.5,0,0,0,0.000973,0
0.620689655172414,0.482758620689655,1,124,5512.5,5512.5,0,0,0,0.0009069,0
0.620689655172414,0.517241379310345,0,NaN,NaN,NaN,0,0,0,0.0008964,0
0.620689655172414,0.551724137931034,0,NaN,NaN,NaN,0,0,0,0.0009608,0
0.620689655172414,0.586206896551724,0,NaN,NaN,NaN,0,0,0,0.0008861,0
0.620689655172414,0.620689655172414,0,NaN,NaN,NaN,0,0,0,0.0024816,0
0.620689655172414,0.655172413793103,0,NaN,NaN,NaN,0,0,0,0.0019435,0
0.620689655172414,0.689655172413793,0,NaN,NaN,NaN,0,0,0,0.0018994,0
0.620689655172414,0.724137931034483,0,NaN,NaN,NaN,0,0,0,0.0010928,0
0.620689655172414,0.758620689655172,0,NaN,NaN,NaN,0,0,0,0.0009984,0
0.620689655172414,0.793103448275862,0,NaN,NaN,NaN,0,0,0,0.0012349,0
0.620689655172414,0.827586206896552,0,NaN,NaN,NaN,0,0,0,0.000972,0
0.620689655172414,0.862068965517241,0,NaN,NaN,NaN,0,0,0,0.0009533,0
0.620689655172414,0.896551724137931,0,NaN,NaN,NaN,0,0,0,0.0009591,0
0.620689655172414,0.931034482758621,0,NaN,NaN,NaN,0,0,0,0.0010246,0
0.620689655172414,0.96551724137931,0,NaN,NaN,NaN,0,0,0,0.0008745,0
0.620689655172414,0.999,0,NaN,NaN,NaN,0,0,0,0.0008359,0
0.655172413793103,0.001,36,95.5833358764648,2762.22827148438,2765.38037109375,96.0500030517578,2018.62084960938,746.765808105469,0.0026094,0
0.655172413793103,0.0344827586206897,36,95.5833358764648,2762.22827148438,2765.38037109375,96.0500030517578,2018.62084960938,746.765808105469,0.0015639,0
0.655172413793103,0.0689655172413793,36,95.5833358764648,2762.22827148438,2765.38037109375,96.0500030517578,2018.62084960938,746.765808105469,0.0012186,0
0.655172413793103,0.103448275862069,36,95.5833358764648,2762.22827148438,2765.38037109375,96.0500030517578,2018.62084960938,746.765808105469,0.0013205,0
0.655172413793103,0.137931034482759,36,95.5833358764648,2762.22827148438,2765.38037109375,96.0500030517578,2018.62084960938,746.765808105469,0.001113,0
0.655172413793103,0.172413793103448,36,95.5833358764648,2762.22827148438,2765.38037109375,96.0500030517578,2018.62084960938,746.765808105469,0.0010319,0
0.655172413793103,0.206896551724138,36,95.5833358764648,2762.22827148438,2765.38037109375,96.0500030517578,2018.62084960938,746.765808105469,0.001264,0
0.655172413793103,0.241379310344828,36,95.5833358764648,2762.22827148438,2765.38037109375,96.0500030517578,2018.62084960938,746.765808105469,0.0009675,0
0.655172413793103,0.275862068965517,36,95.5833358764648,2762.22827148438,2765.38037109375,96.0500030517578,2018.62084960938,746.765808105469,0.0009025,0
0.655172413793103,0.310344827586207,36,95.5833358764648,2762.22827148438,2765.38037109375,96.0500030517578,2018.62084960938,746.765808105469,0.0011386,0
0.655172413793103,0.344827586206897,26,100,2771.13818359375,2872.73876953125,100.900001525879,2697.30541992188,1382.15783691406,0.0009839,0
0.655172413793103,0.379310344827586,15,105.266670227051,2777.71435546875,2915.60009765625,0,0,0,0.0008812,0
0.655172413793103,0.413793103448276,5,113.599998474121,3134,2317.19995117188,0,0,0,0.0008414,0
0.655172413793103,0.448275862068966,1,124,5512.5,5512.5,0,0,0,0.0010804,0
0.655172413793103,0.482758620689655,1,124,5512.5,5512.5,0,0,0,0.0011854,0
0.655172413793103,0.517241379310345,0,NaN,NaN,NaN,0,0,0,0.0009141,0
0.655172413793103,0.551724137931034,0,NaN,NaN,NaN,0,0,0,0.0008561,0
0.655172413793103,0.586206896551724,0,NaN,NaN,NaN,0,0,0,0.0009685,0
0.655172413793103,0.620689655172414,0,NaN,NaN,NaN,0,0,0,0.0008629,0
0.655172413793103,0.655172413793103,0,NaN,NaN,NaN,0,0,0,0.0008426,0
0.655172413793103,0.689655172413793,0,NaN,NaN,NaN,0,0,0,0.0008347,0
0.655172413793103,0.724137931034483,0,NaN,NaN,NaN,0,0,0,0.0009346,0
0.655172413793103,0.758620689655172,0,NaN,NaN,NaN,0,0,0,0.0009511,0
0.655172413793103,0.793103448275862,0,NaN,NaN,NaN,0,0,0,0.0009969,0
0.655172413793103,0.827586206896552,0,NaN,NaN,NaN,0,0,0,0.0009587,0
0.655172413793103,0.862068965517241,0,NaN,NaN,NaN,0,0,0,0.0009992,0
0.655172413793103,0.896551724137931,0,NaN,NaN,NaN,0,0,0,0.0009036,0
0.655172413793103,0.931034482758621,0,NaN,NaN,NaN,0,0,0,0.0008712,0
0.655172413793103,0.96551724137931,0,NaN,NaN,NaN,0,0,0,0.0008616,0
0.655172413793103,0.999,0,NaN,NaN,NaN,0,0,0,0.0009595,0
0.689655172413793,0.001,27,99.5185165405273,2728.22485351563,2962.12255859375,100.050003051758,2562.35791015625,1252.35778808594,0.0021676,0
0.689655172413793,0.0344827586206897,27,99.5185165405273,2728.22485351563,2962.12255859375,100.050003051758,2562.35791015625,1252.35778808594,0.0016863,0
0.689655172413793,0.0689655172413793,27,99.5185165405273,2728.22485351563,2962.12255859375,100.050003051758,2562.35791015625,1252.35778808594,0.001395,0
0.689655172413793,0.103448275862069,27,99.5185165405273,2728.22485351563,2962.12255859375,100.050003051758,2562.35791015625,1252.35778808594,0.0011166,0
0.689655172413793,0.137931034482759,27,99.5185165405273,2728.22485351563,2962.12255859375,100.050003051758,2562.35791015625,1252.35778808594,0.0010104,0
0.689655172413793,0.172413793103448,27,99.5185165405273,2728.22485351563,2962.12255859375,100.050003051758,2562.35791015625,1252.35778808594,0.0010643,0
0.689655172413793,0.206896551724138,27,99.5185165405273,2728.22485351563,2962.12255859375,100.050003051758,2562.35791015625,1252.35778808594,0.0009461,0
0.689655172413793,0.241379310344828,27,99.5185165405273,2728.22485351563,2962.12255859375,100.050003051758,2562.35791015625,1252.35778808594,0.0009091,0
0.689655172413793,0.275862068965517,27,99.5185165405273,2728.22485351563,2962.12255859375,100.050003051758,2562.35791015625,1252.35778808594,0.0010955,0
0.689655172413793,0.310344827586207,27,99.5185165405273,2728.22485351563,2962.12255859375,100.050003051758,2562.35791015625,1252.35778808594,0.0009506,0
0.689655172413793,0.344827586206897,26,100,2771.13818359375,2872.73876953125,100.900001525879,2697.30541992188,1382.15783691406,0.0008817,0
0.689655172413793,0.379310344827586,15,105.266670227051,2777.71435546875,2915.60009765625,0,0,0,0.0008887,0
0.689655172413793,0.413793103448276,5,113.599998474121,3134,2317.19995117188,0,0,0,0.001037,0
0.689655172413793,0.448275862068966,1,124,5512.5,5512.5,0,0,0,0.0009035,0
0.689655172413793,0.482758620689655,1,124,5512.5,5512.5,0,0,0,0.0008587,0
0.689655172413793,0.517241379310345,0,NaN,NaN,NaN,0,0,0,0.0008489,0
0.689655172413793,0.551724137931034,0,NaN,NaN,NaN,0,0,0,0.000947,0
0.689655172413793,0.586206896551724,0,NaN,NaN,NaN,0,0,0,0.0019391,0
0.689655172413793,0.620689655172414,0,NaN,NaN,NaN,0,0,0,0.0021887,0
0.689655172413793,0.655172413793103,0,NaN,NaN,NaN,0,0,0,0.0009561,0
0.689655172413793,0.689655172413793,0,NaN,NaN,NaN,0,0,0,0.0008884,0
0.689655172413793,0.724137931034483,0,NaN,NaN,NaN,0,0,0,0.0008678,0
0.689655172413793,0.758620689655172,0,NaN,NaN,NaN,0,0,0,0.0017306,0
0.689655172413793,0.793103448275862,0,NaN,NaN,NaN,0,0,0,0.0011168,0
0.689655172413793,0.827586206896552,0,NaN,NaN,NaN,0,0,0,0.0009327,0
0.689655172413793,0.862068965517241,0,NaN,NaN,NaN,0,0,0,0.0010761,0
0.689655172413793,0.896551724137931,0,NaN,NaN,NaN,0,0,0,0.0009143,0
0.689655172413793,0.931034482758621,0,NaN,NaN,NaN,0,0,0,0.0008933,0
0.689655172413793,0.96551724137931,0,NaN,NaN,NaN,0,0,0,0.0008963,0
0.689655172413793,0.999,0,NaN,NaN,NaN,0,0,0,0.0010557,0
0.724137931034483,0.001,24,101,2717.15209960938,3117.2880859375,102.449996948242,2890.25244140625,1858.40783691406,0.0021865,0
0.724137931034483,0.0344827586206897,24,101,2717.15209960938,3117.2880859375,102.449996948242,2890.25244140625,1858.40783691406,0.0017792,0
0.724137931034483,0.0689655172413793,24,101,2717.15209960938,3117.2880859375,102.449996948242,2890.25244140625,1858.40783691406,0.0013945,0
0.724137931034483,0.103448275862069,24,101,2717.15209960938,3117.2880859375,102.449996948242,2890.25244140625,1858.40783691406,0.0011766,0
0.724137931034483,0.137931034482759,24,101,2717.15209960938,3117.2880859375,102.449996948242,2890.25244140625,1858.40783691406,0.0011735,0
0.724137931034483,0.172413793103448,24,101,2717.15209960938,3117.2880859375,102.449996948242,2890.25244140625,1858.40783691406,0.0010716,0
0.724137931034483,0.206896551724138,24,101,2717.15209960938,3117.2880859375,102.449996948242,2890.25244140625,1858.40783691406,0.0010123,0
0.724137931034483,0.241379310344828,24,101,2717.15209960938,3117.2880859375,102.449996948242,2890.25244140625,1858.40783691406,0.0012644,0
0.724137931034483,0.275862068965517,24,101,2717.15209960938,3117.2880859375,102.449996948242,2890.25244140625,1858.40783691406,0.000995,0
0.724137931034483,0.310344827586207,24,101,2717.15209960938,3117.2880859375,102.449996948242,2890.25244140625,1858.40783691406,0.0009271,0
0.724137931034483,0.344827586206897,24,101,2717.15209960938,3117.2880859375,102.449996948242,2890.25244140625,1858.40783691406,0.0009505,0
0.724137931034483,0.379310344827586,15,105.266670227051,2777.71435546875,2915.60009765625,0,0,0,0.0010012,0
0.724137931034483,0.413793103448276,5,113.599998474121,3134,2317.19995117188,0,0,0,0.0009092,0
0.724137931034483,0.448275862068966,1,124,5512.5,5512.5,0,0,0,0.0009089,0
0.724137931034483,0.482758620689655,1,124,5512.5,5512.5,0,0,0,0.0009908,0
0.724137931034483,0.517241379310345,0,NaN,NaN,NaN,0,0,0,0.0009842,0
0.724137931034483,0.551724137931034,0,NaN,NaN,NaN,0,0,0,0.000909,0
0.724137931034483,0.586206896551724,0,NaN,NaN,NaN,0,0,0,0.0008799,0
0.724137931034483,0.620689655172414,0,NaN,NaN,NaN,0,0,0,0.0009738,0
0.724137931034483,0.655172413793103,0,NaN,NaN,NaN,0,0,0,0.0009155,0
0.724137931034483,0.689655172413793,0,NaN,NaN,NaN,0,0,0,0.0008868,0
0.724137931034483,0.724137931034483,0,NaN,NaN,NaN,0,0,0,0.0008756,0
0.724137931034483,0.758620689655172,0,NaN,NaN,NaN,0,0,0,0.0011702,0
0.724137931034483,0.793103448275862,0,NaN,NaN,NaN,0,0,0,0.0009343,0
0.724137931034483,0.827586206896552,0,NaN,NaN,NaN,0,0,0,0.0008534,0
0.724137931034483,0.862068965517241,0,NaN,NaN,NaN,0,0,0,0.0008407,0
0.724137931034483,0.896551724137931,0,NaN,NaN,NaN,0,0,0,0.0009226,0
0.724137931034483,0.931034482758621,0,NaN,NaN,NaN,0,0,0,0.0009024,0
0.724137931034483,0.96551724137931,0,NaN,NaN,NaN,0,0,0,0.0008518,0
0.724137931034483,0.999,0,NaN,NaN,NaN,0,0,0,0.000839,0
0.758620689655172,0.001,20,102.849998474121,2630.15502929688,2752.36547851563,102.849998474121,2630.15502929688,2752.36547851563,0.0021853,0
0.758620689655172,0.0344827586206897,20,102.849998474121,2630.15502929688,2752.36547851563,102.849998474121,2630.15502929688,2752.36547851563,0.0017551,0
0.758620689655172,0.0689655172413793,20,102.849998474121,2630.15502929688,2752.36547851563,102.849998474121,2630.15502929688,2752.36547851563,0.0012816,0
0.758620689655172,0.103448275862069,20,102.849998474121,2630.15502929688,2752.36547851563,102.849998474121,2630.15502929688,2752.36547851563,0.0011951,0
0.758620689655172,0.137931034482759,20,102.849998474121,2630.15502929688,2752.36547851563,102.849998474121,2630.15502929688,2752.36547851563,0.0010284,0
0.758620689655172,0.172413793103448,20,102.849998474121,2630.15502929688,2752.36547851563,102.849998474121,2630.15502929688,2752.36547851563,0.0009647,0
0.758620689655172,0.206896551724138,20,102.849998474121,2630.15502929688,2752.36547851563,102.849998474121,2630.15502929688,2752.36547851563,0.0010241,0
0.758620689655172,0.241379310344828,20,102.849998474121,2630.15502929688,2752.36547851563,102.849998474121,2630.15502929688,2752.36547851563,0.0009294,0
0.758620689655172,0.275862068965517,20,102.849998474121,2630.15502929688,2752.36547851563,102.849998474121,2630.15502929688,2752.36547851563,0.0010342,0
0.758620689655172,0.310344827586207,20,102.849998474121,2630.15502929688,2752.36547851563,102.849998474121,2630.15502929688,2752.36547851563,0.0010511,0
0.758620689655172,0.344827586206897,20,102.849998474121,2630.15502929688,2752.36547851563,102.849998474121,2630.15502929688,2752.36547851563,0.0008954,0
0.758620689655172,0.379310344827586,15,105.266670227051,2777.71435546875,2915.60009765625,0,0,0,0.0008639,0
0.758620689655172,0.413793103448276,5,113.599998474121,3134,2317.19995117188,0,0,0,0.0009145,0
0.758620689655172,0.448275862068966,1,124,5512.5,5512.5,0,0,0,0.0009771,0
0.758620689655172,0.482758620689655,1,124,5512.5,5512.5,0,0,0,0.0008736,0
0.758620689655172,0.517241379310345,0,NaN,NaN,NaN,0,0,0,0.0008493,0
0.758620689655172,0.551724137931034,0,NaN,NaN,NaN,0,0,0,0.0010752,0
0.758620689655172,0.586206896551724,0,NaN,NaN,NaN,0,0,0,0.0009593,0
0.758620689655172,0.620689655172414,0,NaN,NaN,NaN,0,0,0,0.000885,0
0.758620689655172,0.655172413793103,0,NaN,NaN,NaN,0,0,0,0.0008637,0
0.758620689655172,0.689655172413793,0,NaN,NaN,NaN,0,0,0,0.0008998,0
0.758620689655172,0.724137931034483,0,NaN,NaN,NaN,0,0,0,0.0009533,0
0.758620689655172,0.758620689655172,0,NaN,NaN,NaN,0,0,0,0.0008799,0
0.758620689655172,0.793103448275862,0,NaN,NaN,NaN,0,0,0,0.0008649,0
0.758620689655172,0.827586206896552,0,NaN,NaN,NaN,0,0,0,0.0009017,0
0.758620689655172,0.862068965517241,0,NaN,NaN,NaN,0,0,0,0.0011119,0
0.758620689655172,0.896551724137931,0,NaN,NaN,NaN,0,0,0,0.0008713,0
0.758620689655172,0.931034482758621,0,NaN,NaN,NaN,0,0,0,0.0008428,0
0.758620689655172,0.96551724137931,0,NaN,NaN,NaN,0,0,0,0.0008602,0
0.758620689655172,0.999,0,NaN,NaN,NaN,0,0,0,0.0009296,0
0.793103448275862,0.001,12,107.333335876465,3340.81030273438,2181.24243164063,0,0,0,0.0021164,0
0.793103448275862,0.0344827586206897,12,107.333335876465,3340.81030273438,2181.24243164063,0,0,0,0.001476,0
0.793103448275862,0.0689655172413793,12,107.333335876465,3340.81030273438,2181.24243164063,0,0,0,0.0012764,0
0.793103448275862,0.103448275862069,12,107.333335876465,3340.81030273438,2181.24243164063,0,0,0,0.0011718,0
0.793103448275862,0.137931034482759,12,107.333335876465,3340.81030273438,2181.24243164063,0,0,0,0.0010117,0
0.793103448275862,0.172413793103448,12,107.333335876465,3340.81030273438,2181.24243164063,0,0,0,0.0013053,0
0.793103448275862,0.206896551724138,12,107.333335876465,3340.81030273438,2181.24243164063,0,0,0,0.0009711,0
0.793103448275862,0.241379310344828,12,107.333335876465,3340.81030273438,2181.24243164063,0,0,0,0.0008986,0
0.793103448275862,0.275862068965517,12,107.333335876465,3340.81030273438,2181.24243164063,0,0,0,0.0008705,0
0.793103448275862,0.310344827586207,12,107.333335876465,3340.81030273438,2181.24243164063,0,0,0,0.0009586,0
0.793103448275862,0.344827586206897,12,107.333335876465,3340.81030273438,2181.24243164063,0,0,0,0.0009098,0
0.793103448275862,0.379310344827586,12,107.333335876465,3340.81030273438,2181.24243164063,0,0,0,0.0008479,0
0.793103448275862,0.413793103448276,5,113.599998474121,3134,2317.19995117188,0,0,0,0.0009397,0
0.793103448275862,0.448275862068966,1,124,5512.5,5512.5,0,0,0,0.0009655,0
0.793103448275862,0.482758620689655,1,124,5512.5,5512.5,0,0,0,0.0009259,0
0.793103448275862,0.517241379310345,0,NaN,NaN,NaN,0,0,0,0.000856,0
0.793103448275862,0.551724137931034,0,NaN,NaN,NaN,0,0,0,0.00084,0
0.793103448275862,0.586206896551724,0,NaN,NaN,NaN,0,0,0,0.0010712,0
0.793103448275862,0.620689655172414,0,NaN,NaN,NaN,0,0,0,0.000932,0
0.793103448275862,0.655172413793103,0,NaN,NaN,NaN,0,0,0,0.0008589,0
0.793103448275862,0.689655172413793,0,NaN,NaN,NaN,0,0,0,0.0008348,0
0.793103448275862,0.724137931034483,0,NaN,NaN,NaN,0,0,0,0.0009845,0
0.793103448275862,0.758620689655172,0,NaN,NaN,NaN,0,0,0,0.0009281,0
0.793103448275862,0.793103448275862,0,NaN,NaN,NaN,0,0,0,0.0008598,0
0.793103448275862,0.827586206896552,0,NaN,NaN,NaN,0,0,0,0.0008427,0
0.793103448275862,0.862068965517241,0,NaN,NaN,NaN,0,0,0,0.0008531,0
0.793103448275862,0.896551724137931,0,NaN,NaN,NaN,0,0,0,0.0009276,0
0.793103448275862,0.931034482758621,0,NaN,NaN,NaN,0,0,0,0.0008503,0
0.793103448275862,0.96551724137931,0,NaN,NaN,NaN,0,0,0,0.0008376,0
0.793103448275862,0.999,0,NaN,NaN,NaN,0,0,0,0.0008509,0
0.827586206896552,0.001,10,108.800003051758,3264.71118164063,2383.28857421875,0,0,0,0.0024421,0
0.827586206896552,0.0344827586206897,10,108.800003051758,3264.71118164063,2383.28857421875,0,0,0,0.0015737,0
0.827586206896552,0.0689655172413793,10,108.800003051758,3264.71118164063,2383.28857421875,0,0,0,0.0014814,0
0.827586206896552,0.103448275862069,10,108.800003051758,3264.71118164063,2383.28857421875,0,0,0,0.0012027,0
0.827586206896552,0.137931034482759,10,108.800003051758,3264.71118164063,2383.28857421875,0,0,0,0.0011025,0
0.827586206896552,0.172413793103448,10,108.800003051758,3264.71118164063,2383.28857421875,0,0,0,0.0012264,0
0.827586206896552,0.206896551724138,10,108.800003051758,3264.71118164063,2383.28857421875,0,0,0,0.0012284,0
0.827586206896552,0.241379310344828,10,108.800003051758,3264.71118164063,2383.28857421875,0,0,0,0.0010481,0
0.827586206896552,0.275862068965517,10,108.800003051758,3264.71118164063,2383.28857421875,0,0,0,0.000962,0
0.827586206896552,0.310344827586207,10,108.800003051758,3264.71118164063,2383.28857421875,0,0,0,0.0010073,0
0.827586206896552,0.344827586206897,10,108.800003051758,3264.71118164063,2383.28857421875,0,0,0,0.0008768,0
0.827586206896552,0.379310344827586,10,108.800003051758,3264.71118164063,2383.28857421875,0,0,0,0.0008439,0
0.827586206896552,0.413793103448276,5,113.599998474121,3134,2317.19995117188,0,0,0,0.0008381,0
0.827586206896552,0.448275862068966,1,124,5512.5,5512.5,0,0,0,0.0010878,0
0.827586206896552,0.482758620689655,1,124,5512.5,5512.5,0,0,0,0.000881,0
0.827586206896552,0.517241379310345,0,NaN,NaN,NaN,0,0,0,0.0011609,0
0.827586206896552,0.551724137931034,0,NaN,NaN,NaN,0,0,0,0.0008961,0
0.827586206896552,0.586206896551724,0,NaN,NaN,NaN,0,0,0,0.0009804,0
0.827586206896552,0.620689655172414,0,NaN,NaN,NaN,0,0,0,0.0008833,0
0.827586206896552,0.655172413793103,0,NaN,NaN,NaN,0,0,0,0.0008623,0
0.827586206896552,0.689655172413793,0,NaN,NaN,NaN,0,0,0,0.0010524,0
0.827586206896552,0.724137931034483,0,NaN,NaN,NaN,0,0,0,0.0010039,0
0.827586206896552,0.758620689655172,0,NaN,NaN,NaN,0,0,0,0.0008878,0
0.827586206896552,0.793103448275862,0,NaN,NaN,NaN,0,0,0,0.0008678,0
0.827586206896552,0.827586206896552,0,NaN,NaN,NaN,0,0,0,0.0009444,0
0.827586206896552,0.862068965517241,0,NaN,NaN,NaN,0,0,0,0.0009858,0
0.827586206896552,0.896551724137931,0,NaN,NaN,NaN,0,0,0,0.0008981,0
0.827586206896552,0.931034482758621,0,NaN,NaN,NaN,0,0,0,0.0008819,0
0.827586206896552,0.96551724137931,0,NaN,NaN,NaN,0,0,0,0.0008597,0
0.827586206896552,0.999,0,NaN,NaN,NaN,0,0,0,0.0009848,0
0.862068965517241,0.001,4,115.5,3918.25,3075.58325195313,0,0,0,0.0021583,0
0.862068965517241,0.0344827586206897,4,115.5,3918.25,3075.58325195313,0,0,0,0.0020457,0
0.862068965517241,0.0689655172413793,4,115.5,3918.25,3075.58325195313,0,0,0,0.0021473,0
0.862068965517241,0.103448275862069,4,115.5,3918.25,3075.58325195313,0,0,0,0.0018145,0
0.862068965517241,0.137931034482759,4,115.5,3918.25,3075.58325195313,0,0,0,0.0017231,0
0.862068965517241,0.172413793103448,4,115.5,3918.25,3075.58325195313,0,0,0,0.001667,0
0.862068965517241,0.206896551724138,4,115.5,3918.25,3075.58325195313,0,0,0,0.0016417,0
0.862068965517241,0.241379310344828,4,115.5,3918.25,3075.58325195313,0,0,0,0.001449,0
0.862068965517241,0.275862068965517,4,115.5,3918.25,3075.58325195313,0,0,0,0.0010553,0
0.862068965517241,0.310344827586207,4,115.5,3918.25,3075.58325195313,0,0,0,0.0009404,0
0.862068965517241,0.344827586206897,4,115.5,3918.25,3075.58325195313,0,0,0,0.0008671,0
0.862068965517241,0.379310344827586,4,115.5,3918.25,3075.58325195313,0,0,0,0.0008436,0
0.862068965517241,0.413793103448276,4,115.5,3918.25,3075.58325195313,0,0,0,0.0008676,0
0.862068965517241,0.448275862068966,1,124,5512.5,5512.5,0,0,0,0.0009449,0
0.862068965517241,0.482758620689655,1,124,5512.5,5512.5,0,0,0,0.0010377,0
0.862068965517241,0.517241379310345,0,NaN,NaN,NaN,0,0,0,0.0009397,0
0.862068965517241,0.551724137931034,0,NaN,NaN,NaN,0,0,0,0.0010056,0
0.862068965517241,0.586206896551724,0,NaN,NaN,NaN,0,0,0,0.0009475,0
0.862068965517241,0.620689655172414,0,NaN,NaN,NaN,0,0,0,0.0008569,0
0.862068965517241,0.655172413793103,0,NaN,NaN,NaN,0,0,0,0.0008357,0
0.862068965517241,0.689655172413793,0,NaN,NaN,NaN,0,0,0,0.0009805,0
0.862068965517241,0.724137931034483,0,NaN,NaN,NaN,0,0,0,0.0009436,0
0.862068965517241,0.758620689655172,0,NaN,NaN,NaN,0,0,0,0.0009139,0
0.862068965517241,0.793103448275862,0,NaN,NaN,NaN,0,0,0,0.0010702,0
0.862068965517241,0.827586206896552,0,NaN,NaN,NaN,0,0,0,0.0010822,0
0.862068965517241,0.862068965517241,0,NaN,NaN,NaN,0,0,0,0.0008724,0
0.862068965517241,0.896551724137931,0,NaN,NaN,NaN,0,0,0,0.0008419,0
0.862068965517241,0.931034482758621,0,NaN,NaN,NaN,0,0,0,0.0008695,0
0.862068965517241,0.96551724137931,0,NaN,NaN,NaN,0,0,0,0.0010063,0
0.862068965517241,0.999,0,NaN,NaN,NaN,0,0,0,0.0008802,0
0.896551724137931,0.001,4,115.5,3918.25,3075.58325195313,0,0,0,0.0021061,0
0.896551724137931,0.0344827586206897,4,115.5,3918.25,3075.58325195313,0,0,0,0.0023214,0
0.896551724137931,0.0689655172413793,4,115.5,3918.25,3075.58325195313,0,0,0,0.0016111,0
0.896551724137931,0.103448275862069,4,115.5,3918.25,3075.58325195313,0,0,0,0.001137,0
0.896551724137931,0.137931034482759,4,115.5,3918.25,3075.58325195313,0,0,0,0.0011093,0
0.896551724137931,0.172413793103448,4,115.5,3918.25,3075.58325195313,0,0,0,0.0009735,0
0.896551724137931,0.206896551724138,4,115.5,3918.25,3075.58325195313,0,0,0,0.0009369,0
0.896551724137931,0.241379310344828,4,115.5,3918.25,3075.58325195313,0,0,0,0.0009083,0
0.896551724137931,0.275862068965517,4,115.5,3918.25,3075.58325195313,0,0,0,0.0017906,0
0.896551724137931,0.310344827586207,4,115.5,3918.25,3075.58325195313,0,0,0,0.0009611,0
0.896551724137931,0.344827586206897,4,115.5,3918.25,3075.58325195313,0,0,0,0.0009086,0
0.896551724137931,0.379310344827586,4,115.5,3918.25,3075.58325195313,0,0,0,0.0010508,0
0.896551724137931,0.413793103448276,4,115.5,3918.25,3075.58325195313,0,0,0,0.0009432,0
0.896551724137931,0.448275862068966,1,124,5512.5,5512.5,0,0,0,0.0008967,0
0.896551724137931,0.482758620689655,1,124,5512.5,5512.5,0,0,0,0.0008869,0
0.896551724137931,0.517241379310345,0,NaN,NaN,NaN,0,0,0,0.0009232,0
0.896551724137931,0.551724137931034,0,NaN,NaN,NaN,0,0,0,0.0009481,0
0.896551724137931,0.586206896551724,0,NaN,NaN,NaN,0,0,0,0.0010937,0
0.896551724137931,0.620689655172414,0,NaN,NaN,NaN,0,0,0,0.0008957,0
0.896551724137931,0.655172413793103,0,NaN,NaN,NaN,0,0,0,0.0009018,0
0.896551724137931,0.689655172413793,0,NaN,NaN,NaN,0,0,0,0.000923,0
0.896551724137931,0.724137931034483,0,NaN,NaN,NaN,0,0,0,0.0008566,0
0.896551724137931,0.758620689655172,0,NaN,NaN,NaN,0,0,0,0.0008385,0
0.896551724137931,0.793103448275862,0,NaN,NaN,NaN,0,0,0,0.0009712,0
0.896551724137931,0.827586206896552,0,NaN,NaN,NaN,0,0,0,0.0009289,0
0.896551724137931,0.862068965517241,0,NaN,NaN,NaN,0,0,0,0.000969,0
0.896551724137931,0.896551724137931,0,NaN,NaN,NaN,0,0,0,0.0016667,0
0.896551724137931,0.931034482758621,0,NaN,NaN,NaN,0,0,0,0.0009839,0
0.896551724137931,0.96551724137931,0,NaN,NaN,NaN,0,0,0,0.0008673,0
0.896551724137931,0.999,0,NaN,NaN,NaN,0,0,0,0.0008417,0
0.931034482758621,0.001,1,124,5512.5,5512.5,0,0,0,0.0025371,0
0.931034482758621,0.0344827586206897,1,124,5512.5,5512.5,0,0,0,0.0015118,0
0.931034482758621,0.0689655172413793,1,124,5512.5,5512.5,0,0,0,0.0013746,0
0.931034482758621,0.103448275862069,1,124,5512.5,5512.5,0,0,0,0.0025264,0
0.931034482758621,0.137931034482759,1,124,5512.5,5512.5,0,0,0,0.0013076,0
0.931034482758621,0.172413793103448,1,124,5512.5,5512.5,0,0,0,0.0011316,0
0.931034482758621,0.206896551724138,1,124,5512.5,5512.5,0,0,0,0.0011281,0
0.931034482758621,0.241379310344828,1,124,5512.5,5512.5,0,0,0,0.0010377,0
0.931034482758621,0.275862068965517,1,124,5512.5,5512.5,0,0,0,0.0010134,0
0.931034482758621,0.310344827586207,1,124,5512.5,5512.5,0,0,0,0.0010215,0
0.931034482758621,0.344827586206897,1,124,5512.5,5512.5,0,0,0,0.0009922,0
0.931034482758621,0.379310344827586,1,124,5512.5,5512.5,0,0,0,0.0009438,0
0.931034482758621,0.413793103448276,1,124,5512.5,5512.5,0,0,0,0.0010809,0
0.931034482758621,0.448275862068966,1,124,5512.5,5512.5,0,0,0,0.0011459,0
0.931034482758621,0.482758620689655,1,124,5512.5,5512.5,0,0,0,0.0009317,0
0.931034482758621,0.517241379310345,0,NaN,NaN,NaN,0,0,0,0.0008784,0
0.931034482758621,0.551724137931034,0,NaN,NaN,NaN,0,0,0,0.000872,0
0.931034482758621,0.586206896551724,0,NaN,NaN,NaN,0,0,0,0.001003,0
0.931034482758621,0.620689655172414,0,NaN,NaN,NaN,0,0,0,0.001004,0
0.931034482758621,0.655172413793103,0,NaN,NaN,NaN,0,0,0,0.0008877,0
0.931034482758621,0.689655172413793,0,NaN,NaN,NaN,0,0,0,0.0008662,0
0.931034482758621,0.724137931034483,0,NaN,NaN,NaN,0,0,0,0.0010525,0
0.931034482758621,0.758620689655172,0,NaN,NaN,NaN,0,0,0,0.0008946,0
0.931034482758621,0.793103448275862,0,NaN,NaN,NaN,0,0,0,0.0009132,0
0.931034482758621,0.827586206896552,0,NaN,NaN,NaN,0,0,0,0.0009822,0
0.931034482758621,0.862068965517241,0,NaN,NaN,NaN,0,0,0,0.0009913,0
0.931034482758621,0.896551724137931,0,NaN,NaN,NaN,0,0,0,0.0011283,0
0.931034482758621,0.931034482758621,0,NaN,NaN,NaN,0,0,0,0.0009254,0
0.931034482758621,0.96551724137931,0,NaN,NaN,NaN,0,0,0,0.001032,0
0.931034482758621,0.999,0,NaN,NaN,NaN,0,0,0,0.0009645,0
0.96551724137931,0.001,1,124,5512.5,5512.5,0,0,0,0.0021502,0
0.96551724137931,0.0344827586206897,1,124,5512.5,5512.5,0,0,0,0.0014977,0
0.96551724137931,0.0689655172413793,1,124,5512.5,5512.5,0,0,0,0.0012861,0
0.96551724137931,0.103448275862069,1,124,5512.5,5512.5,0,0,0,0.0010984,0
0.96551724137931,0.137931034482759,1,124,5512.5,5512.5,0,0,0,0.001244,0
0.96551724137931,0.172413793103448,1,124,5512.5,5512.5,0,0,0,0.0011915,0
0.96551724137931,0.206896551724138,1,124,5512.5,5512.5,0,0,0,0.0009904,0
0.96551724137931,0.241379310344828,1,124,5512.5,5512.5,0,0,0,0.0009411,0
0.96551724137931,0.275862068965517,1,124,5512.5,5512.5,0,0,0,0.0009711,0
0.96551724137931,0.310344827586207,1,124,5512.5,5512.5,0,0,0,0.0009832,0
0.96551724137931,0.344827586206897,1,124,5512.5,5512.5,0,0,0,0.0008939,0
0.96551724137931,0.379310344827586,1,124,5512.5,5512.5,0,0,0,0.0008686,0
0.96551724137931,0.413793103448276,1,124,5512.5,5512.5,0,0,0,0.0010726,0
0.96551724137931,0.448275862068966,1,124,5512.5,5512.5,0,0,0,0.0013759,0
0.96551724137931,0.482758620689655,1,124,5512.5,5512.5,0,0,0,0.0009963,0
0.96551724137931,0.517241379310345,0,NaN,NaN,NaN,0,0,0,0.0010385,0
0.96551724137931,0.551724137931034,0,NaN,NaN,NaN,0,0,0,0.0009808,0
0.96551724137931,0.586206896551724,0,NaN,NaN,NaN,0,0,0,0.0009365,0
0.96551724137931,0.620689655172414,0,NaN,NaN,NaN,0,0,0,0.0008775,0
0.96551724137931,0.655172413793103,0,NaN,NaN,NaN,0,0,0,0.0009215,0
0.96551724137931,0.689655172413793,0,NaN,NaN,NaN,0,0,0,0.0009828,0
0.96551724137931,0.724137931034483,0,NaN,NaN,NaN,0,0,0,0.0009598,0
0.96551724137931,0.758620689655172,0,NaN,NaN,NaN,0,0,0,0.0008533,0
0.96551724137931,0.793103448275862,0,NaN,NaN,NaN,0,0,0,0.0008387,0
0.96551724137931,0.827586206896552,0,NaN,NaN,NaN,0,0,0,0.0008927,0
0.96551724137931,0.862068965517241,0,NaN,NaN,NaN,0,0,0,0.0009386,0
0.96551724137931,0.896551724137931,0,NaN,NaN,NaN,0,0,0,0.0008567,0
0.96551724137931,0.931034482758621,0,NaN,NaN,NaN,0,0,0,0.0009875,0
0.96551724137931,0.96551724137931,0,NaN,NaN,NaN,0,0,0,0.0009166,0
0.96551724137931,0.999,0,NaN,NaN,NaN,0,0,0,0.000924,0
1,0.001,1,124,5512.5,5512.5,0,0,0,0.0022256,0
1,0.0344827586206897,1,124,5512.5,5512.5,0,0,0,0.0015334,0
1,0.0689655172413793,1,124,5512.5,5512.5,0,0,0,0.0012807,0
1,0.103448275862069,1,124,5512.5,5512.5,0,0,0,0.0010967,0
1,0.137931034482759,1,124,5512.5,5512.5,0,0,0,0.0010125,0
1,0.172413793103448,1,124,5512.5,5512.5,0,0,0,0.0011432,0
1,0.206896551724138,1,124,5512.5,5512.5,0,0,0,0.0010072,0
1,0.241379310344828,1,124,5512.5,5512.5,0,0,0,0.001578,0
1,0.275862068965517,1,124,5512.5,5512.5,0,0,0,0.0010058,0
1,0.310344827586207,1,124,5512.5,5512.5,0,0,0,0.0009812,0
1,0.344827586206897,1,124,5512.5,5512.5,0,0,0,0.0009387,0
1,0.379310344827586,1,124,5512.5,5512.5,0,0,0,0.0008821,0
1,0.413793103448276,1,124,5512.5,5512.5,0,0,0,0.0008888,0
1,0.448275862068966,1,124,5512.5,5512.5,0,0,0,0.0009488,0
1,0.482758620689655,1,124,5512.5,5512.5,0,0,0,0.0008712,0
1,0.517241379310345,0,NaN,NaN,NaN,0,0,0,0.0008537,0
1,0.551724137931034,0,NaN,NaN,NaN,0,0,0,0.001731,0
1,0.586206896551724,0,NaN,NaN,NaN,0,0,0,0.0017955,0
1,0.620689655172414,0,NaN,NaN,NaN,0,0,0,0.001323,0
1,0.655172413793103,0,NaN,NaN,NaN,0,0,0,0.0016764,0
1,0.689655172413793,0,NaN,NaN,NaN,0,0,0,0.0018043,0
1,0.724137931034483,0,NaN,NaN,NaN,0,0,0,0.0010558,0
1,0.758620689655172,0,NaN,NaN,NaN,0,0,0,0.0009502,0
1,0.793103448275862,0,NaN,NaN,NaN,0,0,0,0.0009357,0
1,0.827586206896552,0,NaN,NaN,NaN,0,0,0,0.0009441,0
1,0.862068965517241,0,NaN,NaN,NaN,0,0,0,0.0009353,0
1,0.896551724137931,0,NaN,NaN,NaN,0,0,0,0.0008562,0
1,0.931034482758621,0,NaN,NaN,NaN,0,0,0,0.0010966,0
1,0.96551724137931,0,NaN,NaN,NaN,0,0,0,0.0009326,0
1,0.999,0,NaN,NaN,NaN,0,0,0,0.0011231,0
0.1,0.2,207,66.9275360107422,2845.10791015625,2618.64624023438,66.5500030517578,215.607879638672,26.5763168334961,0.0111426,1
