paramCombinations_1,paramCombinations_2,numDetectedFeatures,meanScore,varianceLocation_m,varianceLocation_n,meanScoreTop,varianceLocationTop_m,varianceLocationTop_n,computationTime,is_default
0,0.001,3671,19.5968399047852,2984.43334960938,4536.67431640625,8.14999961853027,2203.052734375,0,0.1175279,0
0,0.0344827586206897,2623,25.4369049072266,2609.50756835938,3722.125,17.0499992370605,2493.67114257813,2.19999980926514,0.0110519,0
0,0.0689655172413793,1559,34.2463111877441,2383.01293945313,3067.189453125,36.7000007629395,385.734222412109,7.83947420120239,0.014209,0
0,0.103448275862069,989,41.7118301391602,2383.0302734375,2909.85522460938,43.25,631.460510253906,9.52368545532227,0.0062961,0
0,0.137931034482759,562,50.8309593200684,2499.95166015625,2708.564453125,52.7000007629395,712.368408203125,12.1157903671265,0.0277939,0
0,0.172413793103448,327,59.5474014282227,2606.16137695313,2590.08349609375,57.4500007629395,741.60791015625,6.27368497848511,0.0045297,0
0,0.206896551724138,178,69.4887619018555,3000.29809570313,2563.01171875,69.9499969482422,272.252624511719,39.4842071533203,0.0021546,0
0,0.241379310344828,97,80.0927810668945,2971.09838867188,2250.62719726563,81.1500015258789,290.471069335938,86.5263137817383,0.0024152,0
0,0.275862068965517,70,85.5999984741211,2758.37451171875,2417.02465820313,86.0999984741211,655.831604003906,109.144737243652,0.0063315,0
0,0.310344827586207,44,92.75,2724.53857421875,2581.69116210938,94.25,1785.20764160156,564.155212402344,0.0012883,0
0,0.344827586206897,26,100,2771.13818359375,2872.73876953125,100.900001525879,2697.30541992188,1382.15783691406,0.0010627,0
0,0.379310344827586,15,105.266670227051,2777.71435546875,2915.60009765625,0,0,0,0.0009558,0
0,0.413793103448276,5,113.599998474121,3134,2317.19995117188,0,0,0,0.0009423,0
0,0.448275862068966,1,124,5512.5,5512.5,0,0,0,0.0106039,0
0,0.482758620689655,1,124,5512.5,5512.5,0,0,0,0.0011465,0
0,0.517241379310345,0,NaN,NaN,NaN,0,0,0,0.0097435,0
0,0.551724137931034,0,NaN,NaN,NaN,0,0,0,0.001202,0
0,0.586206896551724,0,NaN,NaN,NaN,0,0,0,0.0010692,0
0,0.620689655172414,0,NaN,NaN,NaN,0,0,0,0.0009965,0
0,0.655172413793103,0,NaN,NaN,NaN,0,0,0,0.0015361,0
0,0.689655172413793,0,NaN,NaN,NaN,0,0,0,0.0009865,0
0,0.724137931034483,0,NaN,NaN,NaN,0,0,0,0.0009333,0
0,0.758620689655172,0,NaN,NaN,NaN,0,0,0,0.0009102,0
0,0.793103448275862,0,NaN,NaN,NaN,0,0,0,0.0009669,0
0,0.827586206896552,0,NaN,NaN,NaN,0,0,0,0.0012175,0
0,0.862068965517241,0,NaN,NaN,NaN,0,0,0,0.0010308,0
0,0.896551724137931,0,NaN,NaN,NaN,0,0,0,0.0009243,0
0,0.931034482758621,0,NaN,NaN,NaN,0,0,0,0.0008969,0
0,0.96551724137931,0,NaN,NaN,NaN,0,0,0,0.0008942,0
0,0.999,0,NaN,NaN,NaN,0,0,0,0.0008948,0
0.0344827586206897,0.001,3221,21.9394588470459,2830.98291015625,4169.48974609375,11.3999996185303,2839.64233398438,0.260526329278946,0.0022799,0
0.0344827586206897,0.0344827586206897,2623,25.4369049072266,2609.50756835938,3722.125,17.0499992370605,2493.67114257813,2.19999980926514,0.0016113,0
0.0344827586206897,0.0689655172413793,1559,34.2463111877441,2383.01293945313,3067.189453125,36.7000007629395,385.734222412109,7.83947420120239,0.0025504,0
0.0344827586206897,0.103448275862069,989,41.7118301391602,2383.0302734375,2909.85522460938,43.25,631.460510253906,9.52368545532227,0.0023992,0
0.0344827586206897,0.137931034482759,562,50.8309593200684,2499.95166015625,2708.564453125,52.7000007629395,712.368408203125,12.1157903671265,0.0019873,0
0.0344827586206897,0.172413793103448,327,59.5474014282227,2606.16137695313,2590.08349609375,57.4500007629395,741.60791015625,6.27368497848511,0.001794,0
0.0344827586206897,0.206896551724138,178,69.4887619018555,3000.29809570313,2563.01171875,69.9499969482422,272.252624511719,39.4842071533203,0.0035898,0
0.0344827586206897,0.241379310344828,97,80.0927810668945,2971.09838867188,2250.62719726563,81.1500015258789,290.471069335938,86.5263137817383,0.0037258,0
0.0344827586206897,0.275862068965517,70,85.5999984741211,2758.37451171875,2417.02465820313,86.0999984741211,655.831604003906,109.144737243652,0.003192,0
0.0344827586206897,0.310344827586207,44,92.75,2724.53857421875,2581.69116210938,94.25,1785.20764160156,564.155212402344,0.002065,0
0.0344827586206897,0.344827586206897,26,100,2771.13818359375,2872.73876953125,100.900001525879,2697.30541992188,1382.15783691406,0.0016494,0
0.0344827586206897,0.379310344827586,15,105.266670227051,2777.71435546875,2915.60009765625,0,0,0,0.0023275,0
0.0344827586206897,0.413793103448276,5,113.599998474121,3134,2317.19995117188,0,0,0,0.0023687,0
0.0344827586206897,0.448275862068966,1,124,5512.5,5512.5,0,0,0,0.001228,0
0.0344827586206897,0.482758620689655,1,124,5512.5,5512.5,0,0,0,0.0021874,0
0.0344827586206897,0.517241379310345,0,NaN,NaN,NaN,0,0,0,0.0013207,0
0.0344827586206897,0.551724137931034,0,NaN,NaN,NaN,0,0,0,0.0010024,0
0.0344827586206897,0.586206896551724,0,NaN,NaN,NaN,0,0,0,0.0008961,0
0.0344827586206897,0.620689655172414,0,NaN,NaN,NaN,0,0,0,0.0008743,0
0.0344827586206897,0.655172413793103,0,NaN,NaN,NaN,0,0,0,0.0009654,0
0.0344827586206897,0.689655172413793,0,NaN,NaN,NaN,0,0,0,0.001304,0
0.0344827586206897,0.724137931034483,0,NaN,NaN,NaN,0,0,0,0.0009161,0
0.0344827586206897,0.758620689655172,0,NaN,NaN,NaN,0,0,0,0.0010298,0
0.0344827586206897,0.793103448275862,0,NaN,NaN,NaN,0,0,0,0.0009247,0
0.0344827586206897,0.827586206896552,0,NaN,NaN,NaN,0,0,0,0.0009057,0
0.0344827586206897,0.862068965517241,0,NaN,NaN,NaN,0,0,0,0.0009,0
0.0344827586206897,0.896551724137931,0,NaN,NaN,NaN,0,0,0,0.000901,0
0.0344827586206897,0.931034482758621,0,NaN,NaN,NaN,0,0,0,0.0008989,0
0.0344827586206897,0.96551724137931,0,NaN,NaN,NaN,0,0,0,0.0009415,0
0.0344827586206897,0.999,0,NaN,NaN,NaN,0,0,0,0.0009382,0
0.0689655172413793,0.001,2623,25.4369049072266,2609.50756835938,3722.125,17.0499992370605,2493.67114257813,2.19999980926514,0.0039292,0
0.0689655172413793,0.0344827586206897,2623,25.4369049072266,2609.50756835938,3722.125,17.0499992370605,2493.67114257813,2.19999980926514,0.0028684,0
0.0689655172413793,0.0689655172413793,1559,34.2463111877441,2383.01293945313,3067.189453125,36.7000007629395,385.734222412109,7.83947420120239,0.0025647,0
0.0689655172413793,0.103448275862069,989,41.7118301391602,2383.0302734375,2909.85522460938,43.25,631.460510253906,9.52368545532227,0.0024487,0
0.0689655172413793,0.137931034482759,562,50.8309593200684,2499.95166015625,2708.564453125,52.7000007629395,712.368408203125,12.1157903671265,0.0023673,0
0.0689655172413793,0.172413793103448,327,59.5474014282227,2606.16137695313,2590.08349609375,57.4500007629395,741.60791015625,6.27368497848511,0.0028532,0
0.0689655172413793,0.206896551724138,178,69.4887619018555,3000.29809570313,2563.01171875,69.9499969482422,272.252624511719,39.4842071533203,0.0052323,0
0.0689655172413793,0.241379310344828,97,80.0927810668945,2971.09838867188,2250.62719726563,81.1500015258789,290.471069335938,86.5263137817383,0.0017314,0
0.0689655172413793,0.275862068965517,70,85.5999984741211,2758.37451171875,2417.02465820313,86.0999984741211,655.831604003906,109.144737243652,0.0020603,0
0.0689655172413793,0.310344827586207,44,92.75,2724.53857421875,2581.69116210938,94.25,1785.20764160156,564.155212402344,0.0014735,0
0.0689655172413793,0.344827586206897,26,100,2771.13818359375,2872.73876953125,100.900001525879,2697.30541992188,1382.15783691406,0.0017691,0
0.0689655172413793,0.379310344827586,15,105.266670227051,2777.71435546875,2915.60009765625,0,0,0,0.0066765,0
0.0689655172413793,0.413793103448276,5,113.599998474121,3134,2317.19995117188,0,0,0,0.0091847,0
0.0689655172413793,0.448275862068966,1,124,5512.5,5512.5,0,0,0,0.0027374,0
0.0689655172413793,0.482758620689655,1,124,5512.5,5512.5,0,0,0,0.0027851,0
0.0689655172413793,0.517241379310345,0,NaN,NaN,NaN,0,0,0,0.0039373,0
0.0689655172413793,0.551724137931034,0,NaN,NaN,NaN,0,0,0,0.0018452,0
0.0689655172413793,0.586206896551724,0,NaN,NaN,NaN,0,0,0,0.0014873,0
0.0689655172413793,0.620689655172414,0,NaN,NaN,NaN,0,0,0,0.0014475,0
0.0689655172413793,0.655172413793103,0,NaN,NaN,NaN,0,0,0,0.001342,0
0.0689655172413793,0.689655172413793,0,NaN,NaN,NaN,0,0,0,0.0021179,0
0.0689655172413793,0.724137931034483,0,NaN,NaN,NaN,0,0,0,0.0022884,0
0.0689655172413793,0.758620689655172,0,NaN,NaN,NaN,0,0,0,0.0026518,0
0.0689655172413793,0.793103448275862,0,NaN,NaN,NaN,0,0,0,0.0021483,0
0.0689655172413793,0.827586206896552,0,NaN,NaN,NaN,0,0,0,0.0011876,0
0.0689655172413793,0.862068965517241,0,NaN,NaN,NaN,0,0,0,0.0017116,0
0.0689655172413793,0.896551724137931,0,NaN,NaN,NaN,0,0,0,0.0035726,0
0.0689655172413793,0.931034482758621,0,NaN,NaN,NaN,0,0,0,0.0027354,0
0.0689655172413793,0.96551724137931,0,NaN,NaN,NaN,0,0,0,0.0010414,0
0.0689655172413793,0.999,0,NaN,NaN,NaN,0,0,0,0.0009814,0
0.103448275862069,0.001,2069,29.461576461792,2499.85668945313,3360.58618164063,23.6499996185303,984.957946777344,4.61842107772827,0.0022748,0
0.103448275862069,0.0344827586206897,2069,29.461576461792,2499.85668945313,3360.58618164063,23.6499996185303,984.957946777344,4.61842107772827,0.0026097,0
0.103448275862069,0.0689655172413793,1559,34.2463111877441,2383.01293945313,3067.189453125,36.7000007629395,385.734222412109,7.83947420120239,0.0022633,0
0.103448275862069,0.103448275862069,989,41.7118301391602,2383.0302734375,2909.85522460938,43.25,631.460510253906,9.52368545532227,0.0012713,0
0.103448275862069,0.137931034482759,562,50.8309593200684,2499.95166015625,2708.564453125,52.7000007629395,712.368408203125,12.1157903671265,0.0011004,0
0.103448275862069,0.172413793103448,327,59.5474014282227,2606.16137695313,2590.08349609375,57.4500007629395,741.60791015625,6.27368497848511,0.0010987,0
0.103448275862069,0.206896551724138,178,69.4887619018555,3000.29809570313,2563.01171875,69.9499969482422,272.252624511719,39.4842071533203,0.0010377,0
0.103448275862069,0.241379310344828,97,80.0927810668945,2971.09838867188,2250.62719726563,81.1500015258789,290.471069335938,86.5263137817383,0.0009786,0
0.103448275862069,0.275862068965517,70,85.5999984741211,2758.37451171875,2417.02465820313,86.0999984741211,655.831604003906,109.144737243652,0.0011185,0
0.103448275862069,0.310344827586207,44,92.75,2724.53857421875,2581.69116210938,94.25,1785.20764160156,564.155212402344,0.0021424,0
0.103448275862069,0.344827586206897,26,100,2771.13818359375,2872.73876953125,100.900001525879,2697.30541992188,1382.15783691406,0.0010598,0
0.103448275862069,0.379310344827586,15,105.266670227051,2777.71435546875,2915.60009765625,0,0,0,0.0009523,0
0.103448275862069,0.413793103448276,5,113.599998474121,3134,2317.19995117188,0,0,0,0.0009399,0
0.103448275862069,0.448275862068966,1,124,5512.5,5512.5,0,0,0,0.000918,0
0.103448275862069,0.482758620689655,1,124,5512.5,5512.5,0,0,0,0.0009066,0
0.103448275862069,0.517241379310345,0,NaN,NaN,NaN,0,0,0,0.0009287,0
0.103448275862069,0.551724137931034,0,NaN,NaN,NaN,0,0,0,0.0009008,0
0.103448275862069,0.586206896551724,0,NaN,NaN,NaN,0,0,0,0.0010486,0
0.103448275862069,0.620689655172414,0,NaN,NaN,NaN,0,0,0,0.0011843,0
0.103448275862069,0.655172413793103,0,NaN,NaN,NaN,0,0,0,0.0009761,0
0.103448275862069,0.689655172413793,0,NaN,NaN,NaN,0,0,0,0.0009631,0
0.103448275862069,0.724137931034483,0,NaN,NaN,NaN,0,0,0,0.0009124,0
0.103448275862069,0.758620689655172,0,NaN,NaN,NaN,0,0,0,0.000906,0
0.103448275862069,0.793103448275862,0,NaN,NaN,NaN,0,0,0,0.0009089,0
0.103448275862069,0.827586206896552,0,NaN,NaN,NaN,0,0,0,0.0008961,0
0.103448275862069,0.862068965517241,0,NaN,NaN,NaN,0,0,0,0.0009088,0
0.103448275862069,0.896551724137931,0,NaN,NaN,NaN,0,0,0,0.0010535,0
0.103448275862069,0.931034482758621,0,NaN,NaN,NaN,0,0,0,0.0009424,0
0.103448275862069,0.96551724137931,0,NaN,NaN,NaN,0,0,0,0.00091,0
0.103448275862069,0.999,0,NaN,NaN,NaN,0,0,0,0.0009086,0
0.137931034482759,0.001,1559,34.2463111877441,2383.01293945313,3067.189453125,36.7000007629395,385.734222412109,7.83947420120239,0.0024764,0
0.137931034482759,0.0344827586206897,1559,34.2463111877441,2383.01293945313,3067.189453125,36.7000007629395,385.734222412109,7.83947420120239,0.0015722,0
0.137931034482759,0.0689655172413793,1559,34.2463111877441,2383.01293945313,3067.189453125,36.7000007629395,385.734222412109,7.83947420120239,0.00127,0
0.137931034482759,0.103448275862069,989,41.7118301391602,2383.0302734375,2909.85522460938,43.25,631.460510253906,9.52368545532227,0.0020853,0
0.137931034482759,0.137931034482759,562,50.8309593200684,2499.95166015625,2708.564453125,52.7000007629395,712.368408203125,12.1157903671265,0.0013478,0
0.137931034482759,0.172413793103448,327,59.5474014282227,2606.16137695313,2590.08349609375,57.4500007629395,741.60791015625,6.27368497848511,0.0012162,0
0.137931034482759,0.206896551724138,178,69.4887619018555,3000.29809570313,2563.01171875,69.9499969482422,272.252624511719,39.4842071533203,0.0011777,0
0.137931034482759,0.241379310344828,97,80.0927810668945,2971.09838867188,2250.62719726563,81.1500015258789,290.471069335938,86.5263137817383,0.0012679,0
0.137931034482759,0.275862068965517,70,85.5999984741211,2758.37451171875,2417.02465820313,86.0999984741211,655.831604003906,109.144737243652,0.0010542,0
0.137931034482759,0.310344827586207,44,92.75,2724.53857421875,2581.69116210938,94.25,1785.20764160156,564.155212402344,0.0009885,0
0.137931034482759,0.344827586206897,26,100,2771.13818359375,2872.73876953125,100.900001525879,2697.30541992188,1382.15783691406,0.000941,0
0.137931034482759,0.379310344827586,15,105.266670227051,2777.71435546875,2915.60009765625,0,0,0,0.0009104,0
0.137931034482759,0.413793103448276,5,113.599998474121,3134,2317.19995117188,0,0,0,0.0009441,0
0.137931034482759,0.448275862068966,1,124,5512.5,5512.5,0,0,0,0.0205661,0
0.137931034482759,0.482758620689655,1,124,5512.5,5512.5,0,0,0,0.0112499,0
0.137931034482759,0.517241379310345,0,NaN,NaN,NaN,0,0,0,0.0026806,0
0.137931034482759,0.551724137931034,0,NaN,NaN,NaN,0,0,0,0.0011125,0
0.137931034482759,0.586206896551724,0,NaN,NaN,NaN,0,0,0,0.0022,0
0.137931034482759,0.620689655172414,0,NaN,NaN,NaN,0,0,0,0.0028083,0
0.137931034482759,0.655172413793103,0,NaN,NaN,NaN,0,0,0,0.0069532,0
0.137931034482759,0.689655172413793,0,NaN,NaN,NaN,0,0,0,0.0034645,0
0.137931034482759,0.724137931034483,0,NaN,NaN,NaN,0,0,0,0.0079672,0
0.137931034482759,0.758620689655172,0,NaN,NaN,NaN,0,0,0,0.0029687,0
0.137931034482759,0.793103448275862,0,NaN,NaN,NaN,0,0,0,0.002237,0
0.137931034482759,0.827586206896552,0,NaN,NaN,NaN,0,0,0,0.0015668,0
0.137931034482759,0.862068965517241,0,NaN,NaN,NaN,0,0,0,0.0015441,0
0.137931034482759,0.896551724137931,0,NaN,NaN,NaN,0,0,0,0.0015237,0
0.137931034482759,0.931034482758621,0,NaN,NaN,NaN,0,0,0,0.0021705,0
0.137931034482759,0.96551724137931,0,NaN,NaN,NaN,0,0,0,0.0011549,0
0.137931034482759,0.999,0,NaN,NaN,NaN,0,0,0,0.001195,0
0.172413793103448,0.001,1249,37.9135322570801,2392.42138671875,3009.47802734375,40.5,600.62109375,8.37894821166992,0.0026056,0
0.172413793103448,0.0344827586206897,1249,37.9135322570801,2392.42138671875,3009.47802734375,40.5,600.62109375,8.37894821166992,0.0018836,0
0.172413793103448,0.0689655172413793,1249,37.9135322570801,2392.42138671875,3009.47802734375,40.5,600.62109375,8.37894821166992,0.0028944,0
0.172413793103448,0.103448275862069,989,41.7118301391602,2383.0302734375,2909.85522460938,43.25,631.460510253906,9.52368545532227,0.0022781,0
0.172413793103448,0.137931034482759,562,50.8309593200684,2499.95166015625,2708.564453125,52.7000007629395,712.368408203125,12.1157903671265,0.0014448,0
0.172413793103448,0.172413793103448,327,59.5474014282227,2606.16137695313,2590.08349609375,57.4500007629395,741.60791015625,6.27368497848511,0.0011258,0
0.172413793103448,0.206896551724138,178,69.4887619018555,3000.29809570313,2563.01171875,69.9499969482422,272.252624511719,39.4842071533203,0.0010107,0
0.172413793103448,0.241379310344828,97,80.0927810668945,2971.09838867188,2250.62719726563,81.1500015258789,290.471069335938,86.5263137817383,0.0012174,0
0.172413793103448,0.275862068965517,70,85.5999984741211,2758.37451171875,2417.02465820313,86.0999984741211,655.831604003906,109.144737243652,0.0010467,0
0.172413793103448,0.310344827586207,44,92.75,2724.53857421875,2581.69116210938,94.25,1785.20764160156,564.155212402344,0.0015539,0
0.172413793103448,0.344827586206897,26,100,2771.13818359375,2872.73876953125,100.900001525879,2697.30541992188,1382.15783691406,0.001224,0
0.172413793103448,0.379310344827586,15,105.266670227051,2777.71435546875,2915.60009765625,0,0,0,0.0009425,0
0.172413793103448,0.413793103448276,5,113.599998474121,3134,2317.19995117188,0,0,0,0.0008982,0
0.172413793103448,0.448275862068966,1,124,5512.5,5512.5,0,0,0,0.001018,0
0.172413793103448,0.482758620689655,1,124,5512.5,5512.5,0,0,0,0.0009544,0
0.172413793103448,0.517241379310345,0,NaN,NaN,NaN,0,0,0,0.0009029,0
0.172413793103448,0.551724137931034,0,NaN,NaN,NaN,0,0,0,0.00089,0
0.172413793103448,0.586206896551724,0,NaN,NaN,NaN,0,0,0,0.0010623,0
0.172413793103448,0.620689655172414,0,NaN,NaN,NaN,0,0,0,0.0009454,0
0.172413793103448,0.655172413793103,0,NaN,NaN,NaN,0,0,0,0.0013704,0
0.172413793103448,0.689655172413793,0,NaN,NaN,NaN,0,0,0,0.0016989,0
0.172413793103448,0.724137931034483,0,NaN,NaN,NaN,0,0,0,0.0009797,0
0.172413793103448,0.758620689655172,0,NaN,NaN,NaN,0,0,0,0.0008991,0
0.172413793103448,0.793103448275862,0,NaN,NaN,NaN,0,0,0,0.000874,0
0.172413793103448,0.827586206896552,0,NaN,NaN,NaN,0,0,0,0.001207,0
0.172413793103448,0.862068965517241,0,NaN,NaN,NaN,0,0,0,0.0018865,0
0.172413793103448,0.896551724137931,0,NaN,NaN,NaN,0,0,0,0.0019605,0
0.172413793103448,0.931034482758621,0,NaN,NaN,NaN,0,0,0,0.0017961,0
0.172413793103448,0.96551724137931,0,NaN,NaN,NaN,0,0,0,0.0029799,0
0.172413793103448,0.999,0,NaN,NaN,NaN,0,0,0,0.0012349,0
0.206896551724138,0.001,989,41.7118301391602,2383.0302734375,2909.85522460938,43.25,631.460510253906,9.52368545532227,0.0027844,0
0.206896551724138,0.0344827586206897,989,41.7118301391602,2383.0302734375,2909.85522460938,43.25,631.460510253906,9.52368545532227,0.0016341,0
0.206896551724138,0.0689655172413793,989,41.7118301391602,2383.0302734375,2909.85522460938,43.25,631.460510253906,9.52368545532227,0.0015214,0
0.206896551724138,0.103448275862069,989,41.7118301391602,2383.0302734375,2909.85522460938,43.25,631.460510253906,9.52368545532227,0.002295,0
0.206896551724138,0.137931034482759,562,50.8309593200684,2499.95166015625,2708.564453125,52.7000007629395,712.368408203125,12.1157903671265,0.0012223,0
0.206896551724138,0.172413793103448,327,59.5474014282227,2606.16137695313,2590.08349609375,57.4500007629395,741.60791015625,6.27368497848511,0.0010853,0
0.206896551724138,0.206896551724138,178,69.4887619018555,3000.29809570313,2563.01171875,69.9499969482422,272.252624511719,39.4842071533203,0.0013754,0
0.206896551724138,0.241379310344828,97,80.0927810668945,2971.09838867188,2250.62719726563,81.1500015258789,290.471069335938,86.5263137817383,0.0010779,0
0.206896551724138,0.275862068965517,70,85.5999984741211,2758.37451171875,2417.02465820313,86.0999984741211,655.831604003906,109.144737243652,0.0010853,0
0.206896551724138,0.310344827586207,44,92.75,2724.53857421875,2581.69116210938,94.25,1785.20764160156,564.155212402344,0.0015215,0
0.206896551724138,0.344827586206897,26,100,2771.13818359375,2872.73876953125,100.900001525879,2697.30541992188,1382.15783691406,0.0017561,0
0.206896551724138,0.379310344827586,15,105.266670227051,2777.71435546875,2915.60009765625,0,0,0,0.0019797,0
0.206896551724138,0.413793103448276,5,113.599998474121,3134,2317.19995117188,0,0,0,0.0010526,0
0.206896551724138,0.448275862068966,1,124,5512.5,5512.5,0,0,0,0.0009835,0
0.206896551724138,0.482758620689655,1,124,5512.5,5512.5,0,0,0,0.0010381,0
0.206896551724138,0.517241379310345,0,NaN,NaN,NaN,0,0,0,0.0010378,0
0.206896551724138,0.551724137931034,0,NaN,NaN,NaN,0,0,0,0.0009713,0
0.206896551724138,0.586206896551724,0,NaN,NaN,NaN,0,0,0,0.000933,0
0.206896551724138,0.620689655172414,0,NaN,NaN,NaN,0,0,0,0.0015214,0
0.206896551724138,0.655172413793103,0,NaN,NaN,NaN,0,0,0,0.0013688,0
0.206896551724138,0.689655172413793,0,NaN,NaN,NaN,0,0,0,0.0014727,0
0.206896551724138,0.724137931034483,0,NaN,NaN,NaN,0,0,0,0.0011976,0
0.206896551724138,0.758620689655172,0,NaN,NaN,NaN,0,0,0,0.0012158,0
0.206896551724138,0.793103448275862,0,NaN,NaN,NaN,0,0,0,0.001003,0
0.206896551724138,0.827586206896552,0,NaN,NaN,NaN,0,0,0,0.0010853,0
0.206896551724138,0.862068965517241,0,NaN,NaN,NaN,0,0,0,0.0009501,0
0.206896551724138,0.896551724137931,0,NaN,NaN,NaN,0,0,0,0.0009556,0
0.206896551724138,0.931034482758621,0,NaN,NaN,NaN,0,0,0,0.001485,0
0.206896551724138,0.96551724137931,0,NaN,NaN,NaN,0,0,0,0.0020898,0
0.206896551724138,0.999,0,NaN,NaN,NaN,0,0,0,0.0013254,0
0.241379310344828,0.001,775,45.6193542480469,2409.25927734375,2824.77270507813,47.9000015258789,865.818481445313,13.3684206008911,0.0027817,0
0.241379310344828,0.0344827586206897,775,45.6193542480469,2409.25927734375,2824.77270507813,47.9000015258789,865.818481445313,13.3684206008911,0.0023749,0
0.241379310344828,0.0689655172413793,775,45.6193542480469,2409.25927734375,2824.77270507813,47.9000015258789,865.818481445313,13.3684206008911,0.0023769,0
0.241379310344828,0.103448275862069,775,45.6193542480469,2409.25927734375,2824.77270507813,47.9000015258789,865.818481445313,13.3684206008911,0.0041499,0
0.241379310344828,0.137931034482759,562,50.8309593200684,2499.95166015625,2708.564453125,52.7000007629395,712.368408203125,12.1157903671265,0.0012753,0
0.241379310344828,0.172413793103448,327,59.5474014282227,2606.16137695313,2590.08349609375,57.4500007629395,741.60791015625,6.27368497848511,0.0011227,0
0.241379310344828,0.206896551724138,178,69.4887619018555,3000.29809570313,2563.01171875,69.9499969482422,272.252624511719,39.4842071533203,0.0014844,0
0.241379310344828,0.241379310344828,97,80.0927810668945,2971.09838867188,2250.62719726563,81.1500015258789,290.471069335938,86.5263137817383,0.0011007,0
0.241379310344828,0.275862068965517,70,85.5999984741211,2758.37451171875,2417.02465820313,86.0999984741211,655.831604003906,109.144737243652,0.0010038,0
0.241379310344828,0.310344827586207,44,92.75,2724.53857421875,2581.69116210938,94.25,1785.20764160156,564.155212402344,0.0015082,0
0.241379310344828,0.344827586206897,26,100,2771.13818359375,2872.73876953125,100.900001525879,2697.30541992188,1382.15783691406,0.0020661,0
0.241379310344828,0.379310344827586,15,105.266670227051,2777.71435546875,2915.60009765625,0,0,0,0.0021543,0
0.241379310344828,0.413793103448276,5,113.599998474121,3134,2317.19995117188,0,0,0,0.0011509,0
0.241379310344828,0.448275862068966,1,124,5512.5,5512.5,0,0,0,0.0010457,0
0.241379310344828,0.482758620689655,1,124,5512.5,5512.5,0,0,0,0.0013128,0
0.241379310344828,0.517241379310345,0,NaN,NaN,NaN,0,0,0,0.0010056,0
0.241379310344828,0.551724137931034,0,NaN,NaN,NaN,0,0,0,0.0009942,0
0.241379310344828,0.586206896551724,0,NaN,NaN,NaN,0,0,0,0.0014243,0
0.241379310344828,0.620689655172414,0,NaN,NaN,NaN,0,0,0,0.0021513,0
0.241379310344828,0.655172413793103,0,NaN,NaN,NaN,0,0,0,0.0014023,0
0.241379310344828,0.689655172413793,0,NaN,NaN,NaN,0,0,0,0.0010735,0
0.241379310344828,0.724137931034483,0,NaN,NaN,NaN,0,0,0,0.0010262,0
0.241379310344828,0.758620689655172,0,NaN,NaN,NaN,0,0,0,0.0009622,0
0.241379310344828,0.793103448275862,0,NaN,NaN,NaN,0,0,0,0.0014857,0
0.241379310344828,0.827586206896552,0,NaN,NaN,NaN,0,0,0,0.0010164,0
0.241379310344828,0.862068965517241,0,NaN,NaN,NaN,0,0,0,0.0010691,0
0.241379310344828,0.896551724137931,0,NaN,NaN,NaN,0,0,0,0.0011913,0
0.241379310344828,0.931034482758621,0,NaN,NaN,NaN,0,0,0,0.0012293,0
0.241379310344828,0.96551724137931,0,NaN,NaN,NaN,0,0,0,0.001284,0
0.241379310344828,0.999,0,NaN,NaN,NaN,0,0,0,0.0010802,0
0.275862068965517,0.001,562,50.8309593200684,2499.95166015625,2708.564453125,52.7000007629395,712.368408203125,12.1157903671265,0.0022767,0
0.275862068965517,0.0344827586206897,562,50.8309593200684,2499.95166015625,2708.564453125,52.7000007629395,712.368408203125,12.1157903671265,0.0023586,0
0.275862068965517,0.0689655172413793,562,50.8309593200684,2499.95166015625,2708.564453125,52.7000007629395,712.368408203125,12.1157903671265,0.0013848,0
0.275862068965517,0.103448275862069,562,50.8309593200684,2499.95166015625,2708.564453125,52.7000007629395,712.368408203125,12.1157903671265,0.0013085,0
0.275862068965517,0.137931034482759,562,50.8309593200684,2499.95166015625,2708.564453125,52.7000007629395,712.368408203125,12.1157903671265,0.002018,0
0.275862068965517,0.172413793103448,327,59.5474014282227,2606.16137695313,2590.08349609375,57.4500007629395,741.60791015625,6.27368497848511,0.0013525,0
0.275862068965517,0.206896551724138,178,69.4887619018555,3000.29809570313,2563.01171875,69.9499969482422,272.252624511719,39.4842071533203,0.0012345,0
0.275862068965517,0.241379310344828,97,80.0927810668945,2971.09838867188,2250.62719726563,81.1500015258789,290.471069335938,86.5263137817383,0.0010386,0
0.275862068965517,0.275862068965517,70,85.5999984741211,2758.37451171875,2417.02465820313,86.0999984741211,655.831604003906,109.144737243652,0.0014193,0
0.275862068965517,0.310344827586207,44,92.75,2724.53857421875,2581.69116210938,94.25,1785.20764160156,564.155212402344,0.0010703,0
0.275862068965517,0.344827586206897,26,100,2771.13818359375,2872.73876953125,100.900001525879,2697.30541992188,1382.15783691406,0.0010337,0
0.275862068965517,0.379310344827586,15,105.266670227051,2777.71435546875,2915.60009765625,0,0,0,0.0018191,0
0.275862068965517,0.413793103448276,5,113.599998474121,3134,2317.19995117188,0,0,0,0.0040099,0
0.275862068965517,0.448275862068966,1,124,5512.5,5512.5,0,0,0,0.0025927,0
0.275862068965517,0.482758620689655,1,124,5512.5,5512.5,0,0,0,0.0017454,0
0.275862068965517,0.517241379310345,0,NaN,NaN,NaN,0,0,0,0.002082,0
0.275862068965517,0.551724137931034,0,NaN,NaN,NaN,0,0,0,0.0023949,0
0.275862068965517,0.586206896551724,0,NaN,NaN,NaN,0,0,0,0.0014374,0
0.275862068965517,0.620689655172414,0,NaN,NaN,NaN,0,0,0,0.0011627,0
0.275862068965517,0.655172413793103,0,NaN,NaN,NaN,0,0,0,0.0039142,0
0.275862068965517,0.689655172413793,0,NaN,NaN,NaN,0,0,0,0.0017531,0
0.275862068965517,0.724137931034483,0,NaN,NaN,NaN,0,0,0,0.0019833,0
0.275862068965517,0.758620689655172,0,NaN,NaN,NaN,0,0,0,0.0016561,0
0.275862068965517,0.793103448275862,0,NaN,NaN,NaN,0,0,0,0.0022845,0
0.275862068965517,0.827586206896552,0,NaN,NaN,NaN,0,0,0,0.0019474,0
0.275862068965517,0.862068965517241,0,NaN,NaN,NaN,0,0,0,0.0016809,0
0.275862068965517,0.896551724137931,0,NaN,NaN,NaN,0,0,0,0.0015809,0
0.275862068965517,0.931034482758621,0,NaN,NaN,NaN,0,0,0,0.001171,0
0.275862068965517,0.96551724137931,0,NaN,NaN,NaN,0,0,0,0.0011941,0
0.275862068965517,0.999,0,NaN,NaN,NaN,0,0,0,0.0023862,0
0.310344827586207,0.001,443,54.7088050842285,2476.83349609375,2628.24780273438,53.8499984741211,780.976318359375,10.4842090606689,0.0034767,0
0.310344827586207,0.0344827586206897,443,54.7088050842285,2476.83349609375,2628.24780273438,53.8499984741211,780.976318359375,10.4842090606689,0.0017643,0
0.310344827586207,0.0689655172413793,443,54.7088050842285,2476.83349609375,2628.24780273438,53.8499984741211,780.976318359375,10.4842090606689,0.0021785,0
0.310344827586207,0.103448275862069,443,54.7088050842285,2476.83349609375,2628.24780273438,53.8499984741211,780.976318359375,10.4842090606689,0.001273,0
0.310344827586207,0.137931034482759,443,54.7088050842285,2476.83349609375,2628.24780273438,53.8499984741211,780.976318359375,10.4842090606689,0.0011462,0
0.310344827586207,0.172413793103448,327,59.5474014282227,2606.16137695313,2590.08349609375,57.4500007629395,741.60791015625,6.27368497848511,0.0022321,0
0.310344827586207,0.206896551724138,178,69.4887619018555,3000.29809570313,2563.01171875,69.9499969482422,272.252624511719,39.4842071533203,0.0012369,0
0.310344827586207,0.241379310344828,97,80.0927810668945,2971.09838867188,2250.62719726563,81.1500015258789,290.471069335938,86.5263137817383,0.0012807,0
0.310344827586207,0.275862068965517,70,85.5999984741211,2758.37451171875,2417.02465820313,86.0999984741211,655.831604003906,109.144737243652,0.001178,0
0.310344827586207,0.310344827586207,44,92.75,2724.53857421875,2581.69116210938,94.25,1785.20764160156,564.155212402344,0.0017492,0
0.310344827586207,0.344827586206897,26,100,2771.13818359375,2872.73876953125,100.900001525879,2697.30541992188,1382.15783691406,0.0018548,0
0.310344827586207,0.379310344827586,15,105.266670227051,2777.71435546875,2915.60009765625,0,0,0,0.0027516,0
0.310344827586207,0.413793103448276,5,113.599998474121,3134,2317.19995117188,0,0,0,0.0016675,0
0.310344827586207,0.448275862068966,1,124,5512.5,5512.5,0,0,0,0.0011199,0
0.310344827586207,0.482758620689655,1,124,5512.5,5512.5,0,0,0,0.0009796,0
0.310344827586207,0.517241379310345,0,NaN,NaN,NaN,0,0,0,0.0009675,0
0.310344827586207,0.551724137931034,0,NaN,NaN,NaN,0,0,0,0.0009843,0
0.310344827586207,0.586206896551724,0,NaN,NaN,NaN,0,0,0,0.00094,0
0.310344827586207,0.620689655172414,0,NaN,NaN,NaN,0,0,0,0.0009403,0
0.310344827586207,0.655172413793103,0,NaN,NaN,NaN,0,0,0,0.0010712,0
0.310344827586207,0.689655172413793,0,NaN,NaN,NaN,0,0,0,0.0009457,0
0.310344827586207,0.724137931034483,0,NaN,NaN,NaN,0,0,0,0.001497,0
0.310344827586207,0.758620689655172,0,NaN,NaN,NaN,0,0,0,0.0014381,0
0.310344827586207,0.793103448275862,0,NaN,NaN,NaN,0,0,0,0.0010224,0
0.310344827586207,0.827586206896552,0,NaN,NaN,NaN,0,0,0,0.0009624,0
0.310344827586207,0.862068965517241,0,NaN,NaN,NaN,0,0,0,0.0009337,0
0.310344827586207,0.896551724137931,0,NaN,NaN,NaN,0,0,0,0.0009392,0
0.310344827586207,0.931034482758621,0,NaN,NaN,NaN,0,0,0,0.0010577,0
0.310344827586207,0.96551724137931,0,NaN,NaN,NaN,0,0,0,0.0010599,0
0.310344827586207,0.999,0,NaN,NaN,NaN,0,0,0,0.0010899,0
0.344827586206897,0.001,348,58.5488510131836,2533.76611328125,2601.59936523438,56.7999992370605,740.828918457031,6.72368431091309,0.0025045,0
0.344827586206897,0.0344827586206897,348,58.5488510131836,2533.76611328125,2601.59936523438,56.7999992370605,740.828918457031,6.72368431091309,0.0022821,0
0.344827586206897,0.0689655172413793,348,58.5488510131836,2533.76611328125,2601.59936523438,56.7999992370605,740.828918457031,6.72368431091309,0.001506,0
0.344827586206897,0.103448275862069,348,58.5488510131836,2533.76611328125,2601.59936523438,56.7999992370605,740.828918457031,6.72368431091309,0.001338,0
0.344827586206897,0.137931034482759,348,58.5488510131836,2533.76611328125,2601.59936523438,56.7999992370605,740.828918457031,6.72368431091309,0.0012135,0
0.344827586206897,0.172413793103448,327,59.5474014282227,2606.16137695313,2590.08349609375,57.4500007629395,741.60791015625,6.27368497848511,0.0010672,0
0.344827586206897,0.206896551724138,178,69.4887619018555,3000.29809570313,2563.01171875,69.9499969482422,272.252624511719,39.4842071533203,0.0013581,0
0.344827586206897,0.241379310344828,97,80.0927810668945,2971.09838867188,2250.62719726563,81.1500015258789,290.471069335938,86.5263137817383,0.0010233,0
0.344827586206897,0.275862068965517,70,85.5999984741211,2758.37451171875,2417.02465820313,86.0999984741211,655.831604003906,109.144737243652,0.0013235,0
0.344827586206897,0.310344827586207,44,92.75,2724.53857421875,2581.69116210938,94.25,1785.20764160156,564.155212402344,0.0011796,0
0.344827586206897,0.344827586206897,26,100,2771.13818359375,2872.73876953125,100.900001525879,2697.30541992188,1382.15783691406,0.0009896,0
0.344827586206897,0.379310344827586,15,105.266670227051,2777.71435546875,2915.60009765625,0,0,0,0.0009491,0
0.344827586206897,0.413793103448276,5,113.599998474121,3134,2317.19995117188,0,0,0,0.0009143,0
0.344827586206897,0.448275862068966,1,124,5512.5,5512.5,0,0,0,0.0011032,0
0.344827586206897,0.482758620689655,1,124,5512.5,5512.5,0,0,0,0.0009659,0
0.344827586206897,0.517241379310345,0,NaN,NaN,NaN,0,0,0,0.0009269,0
0.344827586206897,0.551724137931034,0,NaN,NaN,NaN,0,0,0,0.000922,0
0.344827586206897,0.586206896551724,0,NaN,NaN,NaN,0,0,0,0.000921,0
0.344827586206897,0.620689655172414,0,NaN,NaN,NaN,0,0,0,0.0009019,0
0.344827586206897,0.655172413793103,0,NaN,NaN,NaN,0,0,0,0.0010146,0
0.344827586206897,0.689655172413793,0,NaN,NaN,NaN,0,0,0,0.0009262,0
0.344827586206897,0.724137931034483,0,NaN,NaN,NaN,0,0,0,0.0009042,0
0.344827586206897,0.758620689655172,0,NaN,NaN,NaN,0,0,0,0.0009846,0
0.344827586206897,0.793103448275862,0,NaN,NaN,NaN,0,0,0,0.0008974,0
0.344827586206897,0.827586206896552,0,NaN,NaN,NaN,0,0,0,0.0008782,0
0.344827586206897,0.862068965517241,0,NaN,NaN,NaN,0,0,0,0.0008843,0
0.344827586206897,0.896551724137931,0,NaN,NaN,NaN,0,0,0,0.0008683,0
0.344827586206897,0.931034482758621,0,NaN,NaN,NaN,0,0,0,0.0008721,0
0.344827586206897,0.96551724137931,0,NaN,NaN,NaN,0,0,0,0.0009159,0
0.344827586206897,0.999,0,NaN,NaN,NaN,0,0,0,0.0009336,0
0.379310344827586,0.001,250,63.8400001525879,2821.92211914063,2587.146484375,61.0499992370605,670.092102050781,10.871054649353,0.0025439,0
0.379310344827586,0.0344827586206897,250,63.8400001525879,2821.92211914063,2587.146484375,61.0499992370605,670.092102050781,10.871054649353,0.0015901,0
0.379310344827586,0.0689655172413793,250,63.8400001525879,2821.92211914063,2587.146484375,61.0499992370605,670.092102050781,10.871054649353,0.0012814,0
0.379310344827586,0.103448275862069,250,63.8400001525879,2821.92211914063,2587.146484375,61.0499992370605,670.092102050781,10.871054649353,0.0013228,0
0.379310344827586,0.137931034482759,250,63.8400001525879,2821.92211914063,2587.146484375,61.0499992370605,670.092102050781,10.871054649353,0.0011303,0
0.379310344827586,0.172413793103448,250,63.8400001525879,2821.92211914063,2587.146484375,61.0499992370605,670.092102050781,10.871054649353,0.0016494,0
0.379310344827586,0.206896551724138,178,69.4887619018555,3000.29809570313,2563.01171875,69.9499969482422,272.252624511719,39.4842071533203,0.0012444,0
0.379310344827586,0.241379310344828,97,80.0927810668945,2971.09838867188,2250.62719726563,81.1500015258789,290.471069335938,86.5263137817383,0.0011864,0
0.379310344827586,0.275862068965517,70,85.5999984741211,2758.37451171875,2417.02465820313,86.0999984741211,655.831604003906,109.144737243652,0.0016265,0
0.379310344827586,0.310344827586207,44,92.75,2724.53857421875,2581.69116210938,94.25,1785.20764160156,564.155212402344,0.0017227,0
0.379310344827586,0.344827586206897,26,100,2771.13818359375,2872.73876953125,100.900001525879,2697.30541992188,1382.15783691406,0.0015402,0
0.379310344827586,0.379310344827586,15,105.266670227051,2777.71435546875,2915.60009765625,0,0,0,0.0009648,0
0.379310344827586,0.413793103448276,5,113.599998474121,3134,2317.19995117188,0,0,0,0.0009338,0
0.379310344827586,0.448275862068966,1,124,5512.5,5512.5,0,0,0,0.0009902,0
0.379310344827586,0.482758620689655,1,124,5512.5,5512.5,0,0,0,0.0009164,0
0.379310344827586,0.517241379310345,0,NaN,NaN,NaN,0,0,0,0.0008888,0
0.379310344827586,0.551724137931034,0,NaN,NaN,NaN,0,0,0,0.0010412,0
0.379310344827586,0.586206896551724,0,NaN,NaN,NaN,0,0,0,0.0009628,0
0.379310344827586,0.620689655172414,0,NaN,NaN,NaN,0,0,0,0.0008913,0
0.379310344827586,0.655172413793103,0,NaN,NaN,NaN,0,0,0,0.0009984,0
0.379310344827586,0.689655172413793,0,NaN,NaN,NaN,0,0,0,0.0010157,0
0.379310344827586,0.724137931034483,0,NaN,NaN,NaN,0,0,0,0.0009268,0
0.379310344827586,0.758620689655172,0,NaN,NaN,NaN,0,0,0,0.0008847,0
0.379310344827586,0.793103448275862,0,NaN,NaN,NaN,0,0,0,0.0008808,0
0.379310344827586,0.827586206896552,0,NaN,NaN,NaN,0,0,0,0.0009685,0
0.379310344827586,0.862068965517241,0,NaN,NaN,NaN,0,0,0,0.0009285,0
0.379310344827586,0.896551724137931,0,NaN,NaN,NaN,0,0,0,0.0008913,0
0.379310344827586,0.931034482758621,0,NaN,NaN,NaN,0,0,0,0.0008748,0
0.379310344827586,0.96551724137931,0,NaN,NaN,NaN,0,0,0,0.0015101,0
0.379310344827586,0.999,0,NaN,NaN,NaN,0,0,0,0.001026,0
0.413793103448276,0.001,184,68.9184799194336,2991.99975585938,2585.87768554688,68.1500015258789,210.957901000977,30.6421031951904,0.0022478,0
0.413793103448276,0.0344827586206897,184,68.9184799194336,2991.99975585938,2585.87768554688,68.1500015258789,210.957901000977,30.6421031951904,0.0016281,0
0.413793103448276,0.0689655172413793,184,68.9184799194336,2991.99975585938,2585.87768554688,68.1500015258789,210.957901000977,30.6421031951904,0.0013011,0
0.413793103448276,0.103448275862069,184,68.9184799194336,2991.99975585938,2585.87768554688,68.1500015258789,210.957901000977,30.6421031951904,0.0019402,0
0.413793103448276,0.137931034482759,184,68.9184799194336,2991.99975585938,2585.87768554688,68.1500015258789,210.957901000977,30.6421031951904,0.0011375,0
0.413793103448276,0.172413793103448,184,68.9184799194336,2991.99975585938,2585.87768554688,68.1500015258789,210.957901000977,30.6421031951904,0.001622,0
0.413793103448276,0.206896551724138,178,69.4887619018555,3000.29809570313,2563.01171875,69.9499969482422,272.252624511719,39.4842071533203,0.0011085,0
0.413793103448276,0.241379310344828,97,80.0927810668945,2971.09838867188,2250.62719726563,81.1500015258789,290.471069335938,86.5263137817383,0.0010295,0
0.413793103448276,0.275862068965517,70,85.5999984741211,2758.37451171875,2417.02465820313,86.0999984741211,655.831604003906,109.144737243652,0.0014571,0
0.413793103448276,0.310344827586207,44,92.75,2724.53857421875,2581.69116210938,94.25,1785.20764160156,564.155212402344,0.0010548,0
0.413793103448276,0.344827586206897,26,100,2771.13818359375,2872.73876953125,100.900001525879,2697.30541992188,1382.15783691406,0.0009838,0
0.413793103448276,0.379310344827586,15,105.266670227051,2777.71435546875,2915.60009765625,0,0,0,0.0014669,0
0.413793103448276,0.413793103448276,5,113.599998474121,3134,2317.19995117188,0,0,0,0.0009896,0
0.413793103448276,0.448275862068966,1,124,5512.5,5512.5,0,0,0,0.000978,0
0.413793103448276,0.482758620689655,1,124,5512.5,5512.5,0,0,0,0.0021711,0
0.413793103448276,0.517241379310345,0,NaN,NaN,NaN,0,0,0,0.0011421,0
0.413793103448276,0.551724137931034,0,NaN,NaN,NaN,0,0,0,0.0015138,0
0.413793103448276,0.586206896551724,0,NaN,NaN,NaN,0,0,0,0.0010302,0
0.413793103448276,0.620689655172414,0,NaN,NaN,NaN,0,0,0,0.0009553,0
0.413793103448276,0.655172413793103,0,NaN,NaN,NaN,0,0,0,0.00096,0
0.413793103448276,0.689655172413793,0,NaN,NaN,NaN,0,0,0,0.0012065,0
0.413793103448276,0.724137931034483,0,NaN,NaN,NaN,0,0,0,0.0011476,0
0.413793103448276,0.758620689655172,0,NaN,NaN,NaN,0,0,0,0.0037158,0
0.413793103448276,0.793103448275862,0,NaN,NaN,NaN,0,0,0,0.0010467,0
0.413793103448276,0.827586206896552,0,NaN,NaN,NaN,0,0,0,0.0012213,0
0.413793103448276,0.862068965517241,0,NaN,NaN,NaN,0,0,0,0.0009442,0
0.413793103448276,0.896551724137931,0,NaN,NaN,NaN,0,0,0,0.0009217,0
0.413793103448276,0.931034482758621,0,NaN,NaN,NaN,0,0,0,0.0014738,0
0.413793103448276,0.96551724137931,0,NaN,NaN,NaN,0,0,0,0.0010289,0
0.413793103448276,0.999,0,NaN,NaN,NaN,0,0,0,0.0009468,0
0.448275862068966,0.001,151,72.2781448364258,3122.21875,2279.96533203125,74.5999984741211,443.463104248047,56.0500030517578,0.0025739,0
0.448275862068966,0.0344827586206897,151,72.2781448364258,3122.21875,2279.96533203125,74.5999984741211,443.463104248047,56.0500030517578,0.0016002,0
0.448275862068966,0.0689655172413793,151,72.2781448364258,3122.21875,2279.96533203125,74.5999984741211,443.463104248047,56.0500030517578,0.0014488,0
0.448275862068966,0.103448275862069,151,72.2781448364258,3122.21875,2279.96533203125,74.5999984741211,443.463104248047,56.0500030517578,0.0012318,0
0.448275862068966,0.137931034482759,151,72.2781448364258,3122.21875,2279.96533203125,74.5999984741211,443.463104248047,56.0500030517578,0.0011192,0
0.448275862068966,0.172413793103448,151,72.2781448364258,3122.21875,2279.96533203125,74.5999984741211,443.463104248047,56.0500030517578,0.0010612,0
0.448275862068966,0.206896551724138,151,72.2781448364258,3122.21875,2279.96533203125,74.5999984741211,443.463104248047,56.0500030517578,0.0010298,0
0.448275862068966,0.241379310344828,97,80.0927810668945,2971.09838867188,2250.62719726563,81.1500015258789,290.471069335938,86.5263137817383,0.0017857,0
0.448275862068966,0.275862068965517,70,85.5999984741211,2758.37451171875,2417.02465820313,86.0999984741211,655.831604003906,109.144737243652,0.0010679,0
0.448275862068966,0.310344827586207,44,92.75,2724.53857421875,2581.69116210938,94.25,1785.20764160156,564.155212402344,0.0010692,0
0.448275862068966,0.344827586206897,26,100,2771.13818359375,2872.73876953125,100.900001525879,2697.30541992188,1382.15783691406,0.0009646,0
0.448275862068966,0.379310344827586,15,105.266670227051,2777.71435546875,2915.60009765625,0,0,0,0.000958,0
0.448275862068966,0.413793103448276,5,113.599998474121,3134,2317.19995117188,0,0,0,0.0009359,0
0.448275862068966,0.448275862068966,1,124,5512.5,5512.5,0,0,0,0.0009875,0
0.448275862068966,0.482758620689655,1,124,5512.5,5512.5,0,0,0,0.0009541,0
0.448275862068966,0.517241379310345,0,NaN,NaN,NaN,0,0,0,0.0009917,0
0.448275862068966,0.551724137931034,0,NaN,NaN,NaN,0,0,0,0.00108,0
0.448275862068966,0.586206896551724,0,NaN,NaN,NaN,0,0,0,0.0018447,0
0.448275862068966,0.620689655172414,0,NaN,NaN,NaN,0,0,0,0.000963,0
0.448275862068966,0.655172413793103,0,NaN,NaN,NaN,0,0,0,0.0008922,0
0.448275862068966,0.689655172413793,0,NaN,NaN,NaN,0,0,0,0.0008856,0
0.448275862068966,0.724137931034483,0,NaN,NaN,NaN,0,0,0,0.0008723,0
0.448275862068966,0.758620689655172,0,NaN,NaN,NaN,0,0,0,0.000871,0
0.448275862068966,0.793103448275862,0,NaN,NaN,NaN,0,0,0,0.0008773,0
0.448275862068966,0.827586206896552,0,NaN,NaN,NaN,0,0,0,0.0009153,0
0.448275862068966,0.862068965517241,0,NaN,NaN,NaN,0,0,0,0.0034871,0
0.448275862068966,0.896551724137931,0,NaN,NaN,NaN,0,0,0,0.0021794,0
0.448275862068966,0.931034482758621,0,NaN,NaN,NaN,0,0,0,0.0016969,0
0.448275862068966,0.96551724137931,0,NaN,NaN,NaN,0,0,0,0.0022224,0
0.448275862068966,0.999,0,NaN,NaN,NaN,0,0,0,0.0019731,0
0.482758620689655,0.001,112,77.4821395874023,3003.70922851563,2135.65698242188,79.3000030517578,293.684204101563,82.9368362426758,0.0046452,0
0.482758620689655,0.0344827586206897,112,77.4821395874023,3003.70922851563,2135.65698242188,79.3000030517578,293.684204101563,82.9368362426758,0.002695,0
0.482758620689655,0.0689655172413793,112,77.4821395874023,3003.70922851563,2135.65698242188,79.3000030517578,293.684204101563,82.9368362426758,0.0016303,0
0.482758620689655,0.103448275862069,112,77.4821395874023,3003.70922851563,2135.65698242188,79.3000030517578,293.684204101563,82.9368362426758,0.0014994,0
0.482758620689655,0.137931034482759,112,77.4821395874023,3003.70922851563,2135.65698242188,79.3000030517578,293.684204101563,82.9368362426758,0.0018489,0
0.482758620689655,0.172413793103448,112,77.4821395874023,3003.70922851563,2135.65698242188,79.3000030517578,293.684204101563,82.9368362426758,0.0014886,0
0.482758620689655,0.206896551724138,112,77.4821395874023,3003.70922851563,2135.65698242188,79.3000030517578,293.684204101563,82.9368362426758,0.0012922,0
0.482758620689655,0.241379310344828,97,80.0927810668945,2971.09838867188,2250.62719726563,81.1500015258789,290.471069335938,86.5263137817383,0.0014271,0
0.482758620689655,0.275862068965517,70,85.5999984741211,2758.37451171875,2417.02465820313,86.0999984741211,655.831604003906,109.144737243652,0.0020239,0
0.482758620689655,0.310344827586207,44,92.75,2724.53857421875,2581.69116210938,94.25,1785.20764160156,564.155212402344,0.0016862,0
0.482758620689655,0.344827586206897,26,100,2771.13818359375,2872.73876953125,100.900001525879,2697.30541992188,1382.15783691406,0.0021599,0
0.482758620689655,0.379310344827586,15,105.266670227051,2777.71435546875,2915.60009765625,0,0,0,0.0041521,0
0.482758620689655,0.413793103448276,5,113.599998474121,3134,2317.19995117188,0,0,0,0.0015549,0
0.482758620689655,0.448275862068966,1,124,5512.5,5512.5,0,0,0,0.0014704,0
0.482758620689655,0.482758620689655,1,124,5512.5,5512.5,0,0,0,0.0026864,0
0.482758620689655,0.517241379310345,0,NaN,NaN,NaN,0,0,0,0.0013483,0
0.482758620689655,0.551724137931034,0,NaN,NaN,NaN,0,0,0,0.0013993,0
0.482758620689655,0.586206896551724,0,NaN,NaN,NaN,0,0,0,0.0011316,0
0.482758620689655,0.620689655172414,0,NaN,NaN,NaN,0,0,0,0.0012765,0
0.482758620689655,0.655172413793103,0,NaN,NaN,NaN,0,0,0,0.0010063,0
0.482758620689655,0.689655172413793,0,NaN,NaN,NaN,0,0,0,0.0009929,0
0.482758620689655,0.724137931034483,0,NaN,NaN,NaN,0,0,0,0.0010096,0
0.482758620689655,0.758620689655172,0,NaN,NaN,NaN,0,0,0,0.0009562,0
0.482758620689655,0.793103448275862,0,NaN,NaN,NaN,0,0,0,0.0010045,0
0.482758620689655,0.827586206896552,0,NaN,NaN,NaN,0,0,0,0.0009772,0
0.482758620689655,0.862068965517241,0,NaN,NaN,NaN,0,0,0,0.001386,0
0.482758620689655,0.896551724137931,0,NaN,NaN,NaN,0,0,0,0.001139,0
0.482758620689655,0.931034482758621,0,NaN,NaN,NaN,0,0,0,0.0010778,0
0.482758620689655,0.96551724137931,0,NaN,NaN,NaN,0,0,0,0.0009698,0
0.482758620689655,0.999,0,NaN,NaN,NaN,0,0,0,0.0009823,0
0.517241379310345,0.001,90,81.4222259521484,2964.4775390625,2282.96875,83.5500030517578,477.986846923828,89.8526382446289,0.002444,0
0.517241379310345,0.0344827586206897,90,81.4222259521484,2964.4775390625,2282.96875,83.5500030517578,477.986846923828,89.8526382446289,0.0016087,0
0.517241379310345,0.0689655172413793,90,81.4222259521484,2964.4775390625,2282.96875,83.5500030517578,477.986846923828,89.8526382446289,0.0016988,0
0.517241379310345,0.103448275862069,90,81.4222259521484,2964.4775390625,2282.96875,83.5500030517578,477.986846923828,89.8526382446289,0.0013626,0
0.517241379310345,0.137931034482759,90,81.4222259521484,2964.4775390625,2282.96875,83.5500030517578,477.986846923828,89.8526382446289,0.0015538,0
0.517241379310345,0.172413793103448,90,81.4222259521484,2964.4775390625,2282.96875,83.5500030517578,477.986846923828,89.8526382446289,0.0011245,0
0.517241379310345,0.206896551724138,90,81.4222259521484,2964.4775390625,2282.96875,83.5500030517578,477.986846923828,89.8526382446289,0.0015094,0
0.517241379310345,0.241379310344828,90,81.4222259521484,2964.4775390625,2282.96875,83.5500030517578,477.986846923828,89.8526382446289,0.0010593,0
0.517241379310345,0.275862068965517,70,85.5999984741211,2758.37451171875,2417.02465820313,86.0999984741211,655.831604003906,109.144737243652,0.0009942,0
0.517241379310345,0.310344827586207,44,92.75,2724.53857421875,2581.69116210938,94.25,1785.20764160156,564.155212402344,0.0016758,0
0.517241379310345,0.344827586206897,26,100,2771.13818359375,2872.73876953125,100.900001525879,2697.30541992188,1382.15783691406,0.0024756,0
0.517241379310345,0.379310344827586,15,105.266670227051,2777.71435546875,2915.60009765625,0,0,0,0.001212,0
0.517241379310345,0.413793103448276,5,113.599998474121,3134,2317.19995117188,0,0,0,0.0011813,0
0.517241379310345,0.448275862068966,1,124,5512.5,5512.5,0,0,0,0.0011024,0
0.517241379310345,0.482758620689655,1,124,5512.5,5512.5,0,0,0,0.0017807,0
0.517241379310345,0.517241379310345,0,NaN,NaN,NaN,0,0,0,0.0010976,0
0.517241379310345,0.551724137931034,0,NaN,NaN,NaN,0,0,0,0.0009937,0
0.517241379310345,0.586206896551724,0,NaN,NaN,NaN,0,0,0,0.0032677,0
0.517241379310345,0.620689655172414,0,NaN,NaN,NaN,0,0,0,0.0021688,0
0.517241379310345,0.655172413793103,0,NaN,NaN,NaN,0,0,0,0.0010335,0
0.517241379310345,0.689655172413793,0,NaN,NaN,NaN,0,0,0,0.0013509,0
0.517241379310345,0.724137931034483,0,NaN,NaN,NaN,0,0,0,0.0010467,0
0.517241379310345,0.758620689655172,0,NaN,NaN,NaN,0,0,0,0.0009827,0
0.517241379310345,0.793103448275862,0,NaN,NaN,NaN,0,0,0,0.001379,0
0.517241379310345,0.827586206896552,0,NaN,NaN,NaN,0,0,0,0.0027946,0
0.517241379310345,0.862068965517241,0,NaN,NaN,NaN,0,0,0,0.0011192,0
0.517241379310345,0.896551724137931,0,NaN,NaN,NaN,0,0,0,0.0010409,0
0.517241379310345,0.931034482758621,0,NaN,NaN,NaN,0,0,0,0.000977,0
0.517241379310345,0.96551724137931,0,NaN,NaN,NaN,0,0,0,0.000989,0
0.517241379310345,0.999,0,NaN,NaN,NaN,0,0,0,0.0016086,0
0.551724137931034,0.001,74,84.7027053833008,2878.5615234375,2335.60913085938,84.3499984741211,554.010498046875,99.4184112548828,0.0022713,0
0.551724137931034,0.0344827586206897,74,84.7027053833008,2878.5615234375,2335.60913085938,84.3499984741211,554.010498046875,99.4184112548828,0.0019269,0
0.551724137931034,0.0689655172413793,74,84.7027053833008,2878.5615234375,2335.60913085938,84.3499984741211,554.010498046875,99.4184112548828,0.0020295,0
0.551724137931034,0.103448275862069,74,84.7027053833008,2878.5615234375,2335.60913085938,84.3499984741211,554.010498046875,99.4184112548828,0.0027346,0
0.551724137931034,0.137931034482759,74,84.7027053833008,2878.5615234375,2335.60913085938,84.3499984741211,554.010498046875,99.4184112548828,0.0014262,0
0.551724137931034,0.172413793103448,74,84.7027053833008,2878.5615234375,2335.60913085938,84.3499984741211,554.010498046875,99.4184112548828,0.0011795,0
0.551724137931034,0.206896551724138,74,84.7027053833008,2878.5615234375,2335.60913085938,84.3499984741211,554.010498046875,99.4184112548828,0.0010803,0
0.551724137931034,0.241379310344828,74,84.7027053833008,2878.5615234375,2335.60913085938,84.3499984741211,554.010498046875,99.4184112548828,0.0013355,0
0.551724137931034,0.275862068965517,70,85.5999984741211,2758.37451171875,2417.02465820313,86.0999984741211,655.831604003906,109.144737243652,0.002215,0
0.551724137931034,0.310344827586207,44,92.75,2724.53857421875,2581.69116210938,94.25,1785.20764160156,564.155212402344,0.0024932,0
0.551724137931034,0.344827586206897,26,100,2771.13818359375,2872.73876953125,100.900001525879,2697.30541992188,1382.15783691406,0.0010838,0
0.551724137931034,0.379310344827586,15,105.266670227051,2777.71435546875,2915.60009765625,0,0,0,0.0010952,0
0.551724137931034,0.413793103448276,5,113.599998474121,3134,2317.19995117188,0,0,0,0.0010445,0
0.551724137931034,0.448275862068966,1,124,5512.5,5512.5,0,0,0,0.0009965,0
0.551724137931034,0.482758620689655,1,124,5512.5,5512.5,0,0,0,0.0009886,0
0.551724137931034,0.517241379310345,0,NaN,NaN,NaN,0,0,0,0.0013222,0
0.551724137931034,0.551724137931034,0,NaN,NaN,NaN,0,0,0,0.0019571,0
0.551724137931034,0.586206896551724,0,NaN,NaN,NaN,0,0,0,0.0025644,0
0.551724137931034,0.620689655172414,0,NaN,NaN,NaN,0,0,0,0.0010155,0
0.551724137931034,0.655172413793103,0,NaN,NaN,NaN,0,0,0,0.0009289,0
0.551724137931034,0.689655172413793,0,NaN,NaN,NaN,0,0,0,0.0012434,0
0.551724137931034,0.724137931034483,0,NaN,NaN,NaN,0,0,0,0.0017708,0
0.551724137931034,0.758620689655172,0,NaN,NaN,NaN,0,0,0,0.0024746,0
0.551724137931034,0.793103448275862,0,NaN,NaN,NaN,0,0,0,0.0012183,0
0.551724137931034,0.827586206896552,0,NaN,NaN,NaN,0,0,0,0.0014045,0
0.551724137931034,0.862068965517241,0,NaN,NaN,NaN,0,0,0,0.0022353,0
0.551724137931034,0.896551724137931,0,NaN,NaN,NaN,0,0,0,0.0015883,0
0.551724137931034,0.931034482758621,0,NaN,NaN,NaN,0,0,0,0.0023052,0
0.551724137931034,0.96551724137931,0,NaN,NaN,NaN,0,0,0,0.0016524,0
0.551724137931034,0.999,0,NaN,NaN,NaN,0,0,0,0.0016072,0
0.586206896551724,0.001,60,88,2613.69384765625,2329.5751953125,88.8000030517578,724.049987792969,140.892105102539,0.0040111,0
0.586206896551724,0.0344827586206897,60,88,2613.69384765625,2329.5751953125,88.8000030517578,724.049987792969,140.892105102539,0.0029552,0
0.586206896551724,0.0689655172413793,60,88,2613.69384765625,2329.5751953125,88.8000030517578,724.049987792969,140.892105102539,0.0022604,0
0.586206896551724,0.103448275862069,60,88,2613.69384765625,2329.5751953125,88.8000030517578,724.049987792969,140.892105102539,0.002043,0
0.586206896551724,0.137931034482759,60,88,2613.69384765625,2329.5751953125,88.8000030517578,724.049987792969,140.892105102539,0.0021739,0
0.586206896551724,0.172413793103448,60,88,2613.69384765625,2329.5751953125,88.8000030517578,724.049987792969,140.892105102539,0.0023747,0
0.586206896551724,0.206896551724138,60,88,2613.69384765625,2329.5751953125,88.8000030517578,724.049987792969,140.892105102539,0.0018974,0
0.586206896551724,0.241379310344828,60,88,2613.69384765625,2329.5751953125,88.8000030517578,724.049987792969,140.892105102539,0.0017332,0
0.586206896551724,0.275862068965517,60,88,2613.69384765625,2329.5751953125,88.8000030517578,724.049987792969,140.892105102539,0.0016955,0
0.586206896551724,0.310344827586207,44,92.75,2724.53857421875,2581.69116210938,94.25,1785.20764160156,564.155212402344,0.0019288,0
0.586206896551724,0.344827586206897,26,100,2771.13818359375,2872.73876953125,100.900001525879,2697.30541992188,1382.15783691406,0.0021501,0
0.586206896551724,0.379310344827586,15,105.266670227051,2777.71435546875,2915.60009765625,0,0,0,0.0012051,0
0.586206896551724,0.413793103448276,5,113.599998474121,3134,2317.19995117188,0,0,0,0.0010223,0
0.586206896551724,0.448275862068966,1,124,5512.5,5512.5,0,0,0,0.0009768,0
0.586206896551724,0.482758620689655,1,124,5512.5,5512.5,0,0,0,0.0009525,0
0.586206896551724,0.517241379310345,0,NaN,NaN,NaN,0,0,0,0.0010292,0
0.586206896551724,0.551724137931034,0,NaN,NaN,NaN,0,0,0,0.0009507,0
0.586206896551724,0.586206896551724,0,NaN,NaN,NaN,0,0,0,0.0009318,0
0.586206896551724,0.620689655172414,0,NaN,NaN,NaN,0,0,0,0.000923,0
0.586206896551724,0.655172413793103,0,NaN,NaN,NaN,0,0,0,0.0010088,0
0.586206896551724,0.689655172413793,0,NaN,NaN,NaN,0,0,0,0.0018504,0
0.586206896551724,0.724137931034483,0,NaN,NaN,NaN,0,0,0,0.0010496,0
0.586206896551724,0.758620689655172,0,NaN,NaN,NaN,0,0,0,0.0010074,0
0.586206896551724,0.793103448275862,0,NaN,NaN,NaN,0,0,0,0.0009326,0
0.586206896551724,0.827586206896552,0,NaN,NaN,NaN,0,0,0,0.00093,0
0.586206896551724,0.862068965517241,0,NaN,NaN,NaN,0,0,0,0.0009504,0
0.586206896551724,0.896551724137931,0,NaN,NaN,NaN,0,0,0,0.0009912,0
0.586206896551724,0.931034482758621,0,NaN,NaN,NaN,0,0,0,0.0010372,0
0.586206896551724,0.96551724137931,0,NaN,NaN,NaN,0,0,0,0.0009683,0
0.586206896551724,0.999,0,NaN,NaN,NaN,0,0,0,0.0010684,0
0.620689655172414,0.001,47,91.7659606933594,2552.63916015625,2530.5791015625,91.3000030517578,992.199951171875,450.765838623047,0.003261,0
0.620689655172414,0.0344827586206897,47,91.7659606933594,2552.63916015625,2530.5791015625,91.3000030517578,992.199951171875,450.765838623047,0.0017122,0
0.620689655172414,0.0689655172413793,47,91.7659606933594,2552.63916015625,2530.5791015625,91.3000030517578,992.199951171875,450.765838623047,0.001373,0
0.620689655172414,0.103448275862069,47,91.7659606933594,2552.63916015625,2530.5791015625,91.3000030517578,992.199951171875,450.765838623047,0.0012553,0
0.620689655172414,0.137931034482759,47,91.7659606933594,2552.63916015625,2530.5791015625,91.3000030517578,992.199951171875,450.765838623047,0.0011942,0
0.620689655172414,0.172413793103448,47,91.7659606933594,2552.63916015625,2530.5791015625,91.3000030517578,992.199951171875,450.765838623047,0.0010859,0
0.620689655172414,0.206896551724138,47,91.7659606933594,2552.63916015625,2530.5791015625,91.3000030517578,992.199951171875,450.765838623047,0.0010252,0
0.620689655172414,0.241379310344828,47,91.7659606933594,2552.63916015625,2530.5791015625,91.3000030517578,992.199951171875,450.765838623047,0.0012452,0
0.620689655172414,0.275862068965517,47,91.7659606933594,2552.63916015625,2530.5791015625,91.3000030517578,992.199951171875,450.765838623047,0.0016534,0
0.620689655172414,0.310344827586207,44,92.75,2724.53857421875,2581.69116210938,94.25,1785.20764160156,564.155212402344,0.0012403,0
0.620689655172414,0.344827586206897,26,100,2771.13818359375,2872.73876953125,100.900001525879,2697.30541992188,1382.15783691406,0.0010944,0
0.620689655172414,0.379310344827586,15,105.266670227051,2777.71435546875,2915.60009765625,0,0,0,0.001022,0
0.620689655172414,0.413793103448276,5,113.599998474121,3134,2317.19995117188,0,0,0,0.0010274,0
0.620689655172414,0.448275862068966,1,124,5512.5,5512.5,0,0,0,0.000984,0
0.620689655172414,0.482758620689655,1,124,5512.5,5512.5,0,0,0,0.0009688,0
0.620689655172414,0.517241379310345,0,NaN,NaN,NaN,0,0,0,0.0009519,0
0.620689655172414,0.551724137931034,0,NaN,NaN,NaN,0,0,0,0.001039,0
0.620689655172414,0.586206896551724,0,NaN,NaN,NaN,0,0,0,0.0010377,0
0.620689655172414,0.620689655172414,0,NaN,NaN,NaN,0,0,0,0.0009242,0
0.620689655172414,0.655172413793103,0,NaN,NaN,NaN,0,0,0,0.0011731,0
0.620689655172414,0.689655172413793,0,NaN,NaN,NaN,0,0,0,0.0010135,0
0.620689655172414,0.724137931034483,0,NaN,NaN,NaN,0,0,0,0.0009222,0
0.620689655172414,0.758620689655172,0,NaN,NaN,NaN,0,0,0,0.0009071,0
0.620689655172414,0.793103448275862,0,NaN,NaN,NaN,0,0,0,0.0013206,0
0.620689655172414,0.827586206896552,0,NaN,NaN,NaN,0,0,0,0.000988,0
0.620689655172414,0.862068965517241,0,NaN,NaN,NaN,0,0,0,0.0010158,0
0.620689655172414,0.896551724137931,0,NaN,NaN,NaN,0,0,0,0.0009798,0
0.620689655172414,0.931034482758621,0,NaN,NaN,NaN,0,0,0,0.0011619,0
0.620689655172414,0.96551724137931,0,NaN,NaN,NaN,0,0,0,0.000943,0
0.620689655172414,0.999,0,NaN,NaN,NaN,0,0,0,0.0009107,0
0.655172413793103,0.001,36,95.5833358764648,2762.22827148438,2765.38037109375,96.0500030517578,2018.62084960938,746.765808105469,0.0026683,0
0.655172413793103,0.0344827586206897,36,95.5833358764648,2762.22827148438,2765.38037109375,96.0500030517578,2018.62084960938,746.765808105469,0.0015827,0
0.655172413793103,0.0689655172413793,36,95.5833358764648,2762.22827148438,2765.38037109375,96.0500030517578,2018.62084960938,746.765808105469,0.0018147,0
0.655172413793103,0.103448275862069,36,95.5833358764648,2762.22827148438,2765.38037109375,96.0500030517578,2018.62084960938,746.765808105469,0.001228,0
0.655172413793103,0.137931034482759,36,95.5833358764648,2762.22827148438,2765.38037109375,96.0500030517578,2018.62084960938,746.765808105469,0.0010996,0
0.655172413793103,0.172413793103448,36,95.5833358764648,2762.22827148438,2765.38037109375,96.0500030517578,2018.62084960938,746.765808105469,0.0016245,0
0.655172413793103,0.206896551724138,36,95.5833358764648,2762.22827148438,2765.38037109375,96.0500030517578,2018.62084960938,746.765808105469,0.0010228,0
0.655172413793103,0.241379310344828,36,95.5833358764648,2762.22827148438,2765.38037109375,96.0500030517578,2018.62084960938,746.765808105469,0.0009888,0
0.655172413793103,0.275862068965517,36,95.5833358764648,2762.22827148438,2765.38037109375,96.0500030517578,2018.62084960938,746.765808105469,0.0010827,0
0.655172413793103,0.310344827586207,36,95.5833358764648,2762.22827148438,2765.38037109375,96.0500030517578,2018.62084960938,746.765808105469,0.0009342,0
0.655172413793103,0.344827586206897,26,100,2771.13818359375,2872.73876953125,100.900001525879,2697.30541992188,1382.15783691406,0.000902,0
0.655172413793103,0.379310344827586,15,105.266670227051,2777.71435546875,2915.60009765625,0,0,0,0.0011695,0
0.655172413793103,0.413793103448276,5,113.599998474121,3134,2317.19995117188,0,0,0,0.0010401,0
0.655172413793103,0.448275862068966,1,124,5512.5,5512.5,0,0,0,0.0009866,0
0.655172413793103,0.482758620689655,1,124,5512.5,5512.5,0,0,0,0.0010796,0
0.655172413793103,0.517241379310345,0,NaN,NaN,NaN,0,0,0,0.0009985,0
0.655172413793103,0.551724137931034,0,NaN,NaN,NaN,0,0,0,0.0008851,0
0.655172413793103,0.586206896551724,0,NaN,NaN,NaN,0,0,0,0.0008664,0
0.655172413793103,0.620689655172414,0,NaN,NaN,NaN,0,0,0,0.0013176,0
0.655172413793103,0.655172413793103,0,NaN,NaN,NaN,0,0,0,0.0009568,0
0.655172413793103,0.689655172413793,0,NaN,NaN,NaN,0,0,0,0.000874,0
0.655172413793103,0.724137931034483,0,NaN,NaN,NaN,0,0,0,0.0018457,0
0.655172413793103,0.758620689655172,0,NaN,NaN,NaN,0,0,0,0.0011604,0
0.655172413793103,0.793103448275862,0,NaN,NaN,NaN,0,0,0,0.0011241,0
0.655172413793103,0.827586206896552,0,NaN,NaN,NaN,0,0,0,0.0010758,0
0.655172413793103,0.862068965517241,0,NaN,NaN,NaN,0,0,0,0.0011323,0
0.655172413793103,0.896551724137931,0,NaN,NaN,NaN,0,0,0,0.0009548,0
0.655172413793103,0.931034482758621,0,NaN,NaN,NaN,0,0,0,0.0008941,0
0.655172413793103,0.96551724137931,0,NaN,NaN,NaN,0,0,0,0.0013672,0
0.655172413793103,0.999,0,NaN,NaN,NaN,0,0,0,0.0009192,0
0.689655172413793,0.001,27,99.5185165405273,2728.22485351563,2962.12255859375,100.050003051758,2562.35791015625,1252.35778808594,0.0021977,0
0.689655172413793,0.0344827586206897,27,99.5185165405273,2728.22485351563,2962.12255859375,100.050003051758,2562.35791015625,1252.35778808594,0.0016367,0
0.689655172413793,0.0689655172413793,27,99.5185165405273,2728.22485351563,2962.12255859375,100.050003051758,2562.35791015625,1252.35778808594,0.0014245,0
0.689655172413793,0.103448275862069,27,99.5185165405273,2728.22485351563,2962.12255859375,100.050003051758,2562.35791015625,1252.35778808594,0.0018197,0
0.689655172413793,0.137931034482759,27,99.5185165405273,2728.22485351563,2962.12255859375,100.050003051758,2562.35791015625,1252.35778808594,0.0011089,0
0.689655172413793,0.172413793103448,27,99.5185165405273,2728.22485351563,2962.12255859375,100.050003051758,2562.35791015625,1252.35778808594,0.0010083,0
0.689655172413793,0.206896551724138,27,99.5185165405273,2728.22485351563,2962.12255859375,100.050003051758,2562.35791015625,1252.35778808594,0.0012506,0
0.689655172413793,0.241379310344828,27,99.5185165405273,2728.22485351563,2962.12255859375,100.050003051758,2562.35791015625,1252.35778808594,0.0010534,0
0.689655172413793,0.275862068965517,27,99.5185165405273,2728.22485351563,2962.12255859375,100.050003051758,2562.35791015625,1252.35778808594,0.0009941,0
0.689655172413793,0.310344827586207,27,99.5185165405273,2728.22485351563,2962.12255859375,100.050003051758,2562.35791015625,1252.35778808594,0.0221171,0
0.689655172413793,0.344827586206897,26,100,2771.13818359375,2872.73876953125,100.900001525879,2697.30541992188,1382.15783691406,0.0010639,0
0.689655172413793,0.379310344827586,15,105.266670227051,2777.71435546875,2915.60009765625,0,0,0,0.0021912,0
0.689655172413793,0.413793103448276,5,113.599998474121,3134,2317.19995117188,0,0,0,0.0015136,0
0.689655172413793,0.448275862068966,1,124,5512.5,5512.5,0,0,0,0.0011341,0
0.689655172413793,0.482758620689655,1,124,5512.5,5512.5,0,0,0,0.0011224,0
0.689655172413793,0.517241379310345,0,NaN,NaN,NaN,0,0,0,0.0010536,0
0.689655172413793,0.551724137931034,0,NaN,NaN,NaN,0,0,0,0.0010651,0
0.689655172413793,0.586206896551724,0,NaN,NaN,NaN,0,0,0,0.0014716,0
0.689655172413793,0.620689655172414,0,NaN,NaN,NaN,0,0,0,0.0009592,0
0.689655172413793,0.655172413793103,0,NaN,NaN,NaN,0,0,0,0.001139,0
0.689655172413793,0.689655172413793,0,NaN,NaN,NaN,0,0,0,0.0019433,0
0.689655172413793,0.724137931034483,0,NaN,NaN,NaN,0,0,0,0.001775,0
0.689655172413793,0.758620689655172,0,NaN,NaN,NaN,0,0,0,0.001227,0
0.689655172413793,0.793103448275862,0,NaN,NaN,NaN,0,0,0,0.0010484,0
0.689655172413793,0.827586206896552,0,NaN,NaN,NaN,0,0,0,0.0009271,0
0.689655172413793,0.862068965517241,0,NaN,NaN,NaN,0,0,0,0.0011539,0
0.689655172413793,0.896551724137931,0,NaN,NaN,NaN,0,0,0,0.0010517,0
0.689655172413793,0.931034482758621,0,NaN,NaN,NaN,0,0,0,0.00096,0
0.689655172413793,0.96551724137931,0,NaN,NaN,NaN,0,0,0,0.0009336,0
0.689655172413793,0.999,0,NaN,NaN,NaN,0,0,0,0.0024795,0
0.724137931034483,0.001,24,101,2717.15209960938,3117.2880859375,102.449996948242,2890.25244140625,1858.40783691406,0.002495,0
0.724137931034483,0.0344827586206897,24,101,2717.15209960938,3117.2880859375,102.449996948242,2890.25244140625,1858.40783691406,0.0016837,0
0.724137931034483,0.0689655172413793,24,101,2717.15209960938,3117.2880859375,102.449996948242,2890.25244140625,1858.40783691406,0.0013382,0
0.724137931034483,0.103448275862069,24,101,2717.15209960938,3117.2880859375,102.449996948242,2890.25244140625,1858.40783691406,0.0014351,0
0.724137931034483,0.137931034482759,24,101,2717.15209960938,3117.2880859375,102.449996948242,2890.25244140625,1858.40783691406,0.0011363,0
0.724137931034483,0.172413793103448,24,101,2717.15209960938,3117.2880859375,102.449996948242,2890.25244140625,1858.40783691406,0.001088,0
0.724137931034483,0.206896551724138,24,101,2717.15209960938,3117.2880859375,102.449996948242,2890.25244140625,1858.40783691406,0.0020073,0
0.724137931034483,0.241379310344828,24,101,2717.15209960938,3117.2880859375,102.449996948242,2890.25244140625,1858.40783691406,0.0015875,0
0.724137931034483,0.275862068965517,24,101,2717.15209960938,3117.2880859375,102.449996948242,2890.25244140625,1858.40783691406,0.0010461,0
0.724137931034483,0.310344827586207,24,101,2717.15209960938,3117.2880859375,102.449996948242,2890.25244140625,1858.40783691406,0.0010277,0
0.724137931034483,0.344827586206897,24,101,2717.15209960938,3117.2880859375,102.449996948242,2890.25244140625,1858.40783691406,0.0014275,0
0.724137931034483,0.379310344827586,15,105.266670227051,2777.71435546875,2915.60009765625,0,0,0,0.0009906,0
0.724137931034483,0.413793103448276,5,113.599998474121,3134,2317.19995117188,0,0,0,0.0031992,0
0.724137931034483,0.448275862068966,1,124,5512.5,5512.5,0,0,0,0.00177,0
0.724137931034483,0.482758620689655,1,124,5512.5,5512.5,0,0,0,0.0018223,0
0.724137931034483,0.517241379310345,0,NaN,NaN,NaN,0,0,0,0.0017814,0
0.724137931034483,0.551724137931034,0,NaN,NaN,NaN,0,0,0,0.0017948,0
0.724137931034483,0.586206896551724,0,NaN,NaN,NaN,0,0,0,0.0010432,0
0.724137931034483,0.620689655172414,0,NaN,NaN,NaN,0,0,0,0.0010194,0
0.724137931034483,0.655172413793103,0,NaN,NaN,NaN,0,0,0,0.0023136,0
0.724137931034483,0.689655172413793,0,NaN,NaN,NaN,0,0,0,0.0012583,0
0.724137931034483,0.724137931034483,0,NaN,NaN,NaN,0,0,0,0.0009819,0
0.724137931034483,0.758620689655172,0,NaN,NaN,NaN,0,0,0,0.00103,0
0.724137931034483,0.793103448275862,0,NaN,NaN,NaN,0,0,0,0.0009713,0
0.724137931034483,0.827586206896552,0,NaN,NaN,NaN,0,0,0,0.0009265,0
0.724137931034483,0.862068965517241,0,NaN,NaN,NaN,0,0,0,0.0010325,0
0.724137931034483,0.896551724137931,0,NaN,NaN,NaN,0,0,0,0.0009575,0
0.724137931034483,0.931034482758621,0,NaN,NaN,NaN,0,0,0,0.0009261,0
0.724137931034483,0.96551724137931,0,NaN,NaN,NaN,0,0,0,0.0009379,0
0.724137931034483,0.999,0,NaN,NaN,NaN,0,0,0,0.0018845,0
0.758620689655172,0.001,20,102.849998474121,2630.15502929688,2752.36547851563,102.849998474121,2630.15502929688,2752.36547851563,0.0023714,0
0.758620689655172,0.0344827586206897,20,102.849998474121,2630.15502929688,2752.36547851563,102.849998474121,2630.15502929688,2752.36547851563,0.0016693,0
0.758620689655172,0.0689655172413793,20,102.849998474121,2630.15502929688,2752.36547851563,102.849998474121,2630.15502929688,2752.36547851563,0.0013378,0
0.758620689655172,0.103448275862069,20,102.849998474121,2630.15502929688,2752.36547851563,102.849998474121,2630.15502929688,2752.36547851563,0.0012783,0
0.758620689655172,0.137931034482759,20,102.849998474121,2630.15502929688,2752.36547851563,102.849998474121,2630.15502929688,2752.36547851563,0.0011733,0
0.758620689655172,0.172413793103448,20,102.849998474121,2630.15502929688,2752.36547851563,102.849998474121,2630.15502929688,2752.36547851563,0.0011647,0
0.758620689655172,0.206896551724138,20,102.849998474121,2630.15502929688,2752.36547851563,102.849998474121,2630.15502929688,2752.36547851563,0.0018304,0
0.758620689655172,0.241379310344828,20,102.849998474121,2630.15502929688,2752.36547851563,102.849998474121,2630.15502929688,2752.36547851563,0.0010934,0
0.758620689655172,0.275862068965517,20,102.849998474121,2630.15502929688,2752.36547851563,102.849998474121,2630.15502929688,2752.36547851563,0.0014091,0
0.758620689655172,0.310344827586207,20,102.849998474121,2630.15502929688,2752.36547851563,102.849998474121,2630.15502929688,2752.36547851563,0.0010218,0
0.758620689655172,0.344827586206897,20,102.849998474121,2630.15502929688,2752.36547851563,102.849998474121,2630.15502929688,2752.36547851563,0.000972,0
0.758620689655172,0.379310344827586,15,105.266670227051,2777.71435546875,2915.60009765625,0,0,0,0.001687,0
0.758620689655172,0.413793103448276,5,113.599998474121,3134,2317.19995117188,0,0,0,0.0009877,0
0.758620689655172,0.448275862068966,1,124,5512.5,5512.5,0,0,0,0.000926,0
0.758620689655172,0.482758620689655,1,124,5512.5,5512.5,0,0,0,0.0019941,0
0.758620689655172,0.517241379310345,0,NaN,NaN,NaN,0,0,0,0.0010458,0
0.758620689655172,0.551724137931034,0,NaN,NaN,NaN,0,0,0,0.0009614,0
0.758620689655172,0.586206896551724,0,NaN,NaN,NaN,0,0,0,0.0010014,0
0.758620689655172,0.620689655172414,0,NaN,NaN,NaN,0,0,0,0.0010085,0
0.758620689655172,0.655172413793103,0,NaN,NaN,NaN,0,0,0,0.0009371,0
0.758620689655172,0.689655172413793,0,NaN,NaN,NaN,0,0,0,0.0009662,0
0.758620689655172,0.724137931034483,0,NaN,NaN,NaN,0,0,0,0.0010255,0
0.758620689655172,0.758620689655172,0,NaN,NaN,NaN,0,0,0,0.0009208,0
0.758620689655172,0.793103448275862,0,NaN,NaN,NaN,0,0,0,0.0009023,0
0.758620689655172,0.827586206896552,0,NaN,NaN,NaN,0,0,0,0.001642,0
0.758620689655172,0.862068965517241,0,NaN,NaN,NaN,0,0,0,0.0011822,0
0.758620689655172,0.896551724137931,0,NaN,NaN,NaN,0,0,0,0.0009532,0
0.758620689655172,0.931034482758621,0,NaN,NaN,NaN,0,0,0,0.0013476,0
0.758620689655172,0.96551724137931,0,NaN,NaN,NaN,0,0,0,0.0009737,0
0.758620689655172,0.999,0,NaN,NaN,NaN,0,0,0,0.000924,0
0.793103448275862,0.001,12,107.333335876465,3340.81030273438,2181.24243164063,0,0,0,0.0025731,0
0.793103448275862,0.0344827586206897,12,107.333335876465,3340.81030273438,2181.24243164063,0,0,0,0.0015691,0
0.793103448275862,0.0689655172413793,12,107.333335876465,3340.81030273438,2181.24243164063,0,0,0,0.0020946,0
0.793103448275862,0.103448275862069,12,107.333335876465,3340.81030273438,2181.24243164063,0,0,0,0.0016062,0
0.793103448275862,0.137931034482759,12,107.333335876465,3340.81030273438,2181.24243164063,0,0,0,0.0011369,0
0.793103448275862,0.172413793103448,12,107.333335876465,3340.81030273438,2181.24243164063,0,0,0,0.0015648,0
0.793103448275862,0.206896551724138,12,107.333335876465,3340.81030273438,2181.24243164063,0,0,0,0.0011222,0
0.793103448275862,0.241379310344828,12,107.333335876465,3340.81030273438,2181.24243164063,0,0,0,0.001001,0
0.793103448275862,0.275862068965517,12,107.333335876465,3340.81030273438,2181.24243164063,0,0,0,0.0009896,0
0.793103448275862,0.310344827586207,12,107.333335876465,3340.81030273438,2181.24243164063,0,0,0,0.0010974,0
0.793103448275862,0.344827586206897,12,107.333335876465,3340.81030273438,2181.24243164063,0,0,0,0.0009711,0
0.793103448275862,0.379310344827586,12,107.333335876465,3340.81030273438,2181.24243164063,0,0,0,0.00107,0
0.793103448275862,0.413793103448276,5,113.599998474121,3134,2317.19995117188,0,0,0,0.0019923,0
0.793103448275862,0.448275862068966,1,124,5512.5,5512.5,0,0,0,0.0010556,0
0.793103448275862,0.482758620689655,1,124,5512.5,5512.5,0,0,0,0.0010535,0
0.793103448275862,0.517241379310345,0,NaN,NaN,NaN,0,0,0,0.0010174,0
0.793103448275862,0.551724137931034,0,NaN,NaN,NaN,0,0,0,0.0010809,0
0.793103448275862,0.586206896551724,0,NaN,NaN,NaN,0,0,0,0.0009718,0
0.793103448275862,0.620689655172414,0,NaN,NaN,NaN,0,0,0,0.0010207,0
0.793103448275862,0.655172413793103,0,NaN,NaN,NaN,0,0,0,0.0009407,0
0.793103448275862,0.689655172413793,0,NaN,NaN,NaN,0,0,0,0.0009506,0
0.793103448275862,0.724137931034483,0,NaN,NaN,NaN,0,0,0,0.0020874,0
0.793103448275862,0.758620689655172,0,NaN,NaN,NaN,0,0,0,0.0010299,0
0.793103448275862,0.793103448275862,0,NaN,NaN,NaN,0,0,0,0.0009196,0
0.793103448275862,0.827586206896552,0,NaN,NaN,NaN,0,0,0,0.0010406,0
0.793103448275862,0.862068965517241,0,NaN,NaN,NaN,0,0,0,0.0010097,0
0.793103448275862,0.896551724137931,0,NaN,NaN,NaN,0,0,0,0.000916,0
0.793103448275862,0.931034482758621,0,NaN,NaN,NaN,0,0,0,0.0009053,0
0.793103448275862,0.96551724137931,0,NaN,NaN,NaN,0,0,0,0.0009238,0
0.793103448275862,0.999,0,NaN,NaN,NaN,0,0,0,0.0009661,0
0.827586206896552,0.001,10,108.800003051758,3264.71118164063,2383.28857421875,0,0,0,0.0021754,0
0.827586206896552,0.0344827586206897,10,108.800003051758,3264.71118164063,2383.28857421875,0,0,0,0.0028966,0
0.827586206896552,0.0689655172413793,10,108.800003051758,3264.71118164063,2383.28857421875,0,0,0,0.0013385,0
0.827586206896552,0.103448275862069,10,108.800003051758,3264.71118164063,2383.28857421875,0,0,0,0.0011913,0
0.827586206896552,0.137931034482759,10,108.800003051758,3264.71118164063,2383.28857421875,0,0,0,0.0011746,0
0.827586206896552,0.172413793103448,10,108.800003051758,3264.71118164063,2383.28857421875,0,0,0,0.0010635,0
0.827586206896552,0.206896551724138,10,108.800003051758,3264.71118164063,2383.28857421875,0,0,0,0.0010195,0
0.827586206896552,0.241379310344828,10,108.800003051758,3264.71118164063,2383.28857421875,0,0,0,0.0009719,0
0.827586206896552,0.275862068965517,10,108.800003051758,3264.71118164063,2383.28857421875,0,0,0,0.0010909,0
0.827586206896552,0.310344827586207,10,108.800003051758,3264.71118164063,2383.28857421875,0,0,0,0.0009879,0
0.827586206896552,0.344827586206897,10,108.800003051758,3264.71118164063,2383.28857421875,0,0,0,0.0009702,0
0.827586206896552,0.379310344827586,10,108.800003051758,3264.71118164063,2383.28857421875,0,0,0,0.0025705,0
0.827586206896552,0.413793103448276,5,113.599998474121,3134,2317.19995117188,0,0,0,0.0040143,0
0.827586206896552,0.448275862068966,1,124,5512.5,5512.5,0,0,0,0.0160613,0
0.827586206896552,0.482758620689655,1,124,5512.5,5512.5,0,0,0,0.0061329,0
0.827586206896552,0.517241379310345,0,NaN,NaN,NaN,0,0,0,0.0144268,0
0.827586206896552,0.551724137931034,0,NaN,NaN,NaN,0,0,0,0.0022664,0
0.827586206896552,0.586206896551724,0,NaN,NaN,NaN,0,0,0,0.0079657,0
0.827586206896552,0.620689655172414,0,NaN,NaN,NaN,0,0,0,0.0293991,0
0.827586206896552,0.655172413793103,0,NaN,NaN,NaN,0,0,0,0.0019622,0
0.827586206896552,0.689655172413793,0,NaN,NaN,NaN,0,0,0,0.0038614,0
0.827586206896552,0.724137931034483,0,NaN,NaN,NaN,0,0,0,0.0029045,0
0.827586206896552,0.758620689655172,0,NaN,NaN,NaN,0,0,0,0.049044,0
0.827586206896552,0.793103448275862,0,NaN,NaN,NaN,0,0,0,0.0020601,0
0.827586206896552,0.827586206896552,0,NaN,NaN,NaN,0,0,0,0.0018268,0
0.827586206896552,0.862068965517241,0,NaN,NaN,NaN,0,0,0,0.0026091,0
0.827586206896552,0.896551724137931,0,NaN,NaN,NaN,0,0,0,0.0043995,0
0.827586206896552,0.931034482758621,0,NaN,NaN,NaN,0,0,0,0.002042,0
0.827586206896552,0.96551724137931,0,NaN,NaN,NaN,0,0,0,0.0023554,0
0.827586206896552,0.999,0,NaN,NaN,NaN,0,0,0,0.0079367,0
0.862068965517241,0.001,4,115.5,3918.25,3075.58325195313,0,0,0,0.0057278,0
0.862068965517241,0.0344827586206897,4,115.5,3918.25,3075.58325195313,0,0,0,0.0027303,0
0.862068965517241,0.0689655172413793,4,115.5,3918.25,3075.58325195313,0,0,0,0.0037991,0
0.862068965517241,0.103448275862069,4,115.5,3918.25,3075.58325195313,0,0,0,0.0023432,0
0.862068965517241,0.137931034482759,4,115.5,3918.25,3075.58325195313,0,0,0,0.002463,0
0.862068965517241,0.172413793103448,4,115.5,3918.25,3075.58325195313,0,0,0,0.0079596,0
0.862068965517241,0.206896551724138,4,115.5,3918.25,3075.58325195313,0,0,0,0.0605946,0
0.862068965517241,0.241379310344828,4,115.5,3918.25,3075.58325195313,0,0,0,0.0058491,0
0.862068965517241,0.275862068965517,4,115.5,3918.25,3075.58325195313,0,0,0,0.009537,0
0.862068965517241,0.310344827586207,4,115.5,3918.25,3075.58325195313,0,0,0,0.0044391,0
0.862068965517241,0.344827586206897,4,115.5,3918.25,3075.58325195313,0,0,0,0.0021602,0
0.862068965517241,0.379310344827586,4,115.5,3918.25,3075.58325195313,0,0,0,0.0061594,0
0.862068965517241,0.413793103448276,4,115.5,3918.25,3075.58325195313,0,0,0,0.0050872,0
0.862068965517241,0.448275862068966,1,124,5512.5,5512.5,0,0,0,0.0120539,0
0.862068965517241,0.482758620689655,1,124,5512.5,5512.5,0,0,0,0.0054494,0
0.862068965517241,0.517241379310345,0,NaN,NaN,NaN,0,0,0,0.001953,0
0.862068965517241,0.551724137931034,0,NaN,NaN,NaN,0,0,0,0.0030547,0
0.862068965517241,0.586206896551724,0,NaN,NaN,NaN,0,0,0,0.0022113,0
0.862068965517241,0.620689655172414,0,NaN,NaN,NaN,0,0,0,0.0042326,0
0.862068965517241,0.655172413793103,0,NaN,NaN,NaN,0,0,0,0.0017399,0
0.862068965517241,0.689655172413793,0,NaN,NaN,NaN,0,0,0,0.002007,0
0.862068965517241,0.724137931034483,0,NaN,NaN,NaN,0,0,0,0.0031163,0
0.862068965517241,0.758620689655172,0,NaN,NaN,NaN,0,0,0,0.0035346,0
0.862068965517241,0.793103448275862,0,NaN,NaN,NaN,0,0,0,0.002899,0
0.862068965517241,0.827586206896552,0,NaN,NaN,NaN,0,0,0,0.0029613,0
0.862068965517241,0.862068965517241,0,NaN,NaN,NaN,0,0,0,0.0019941,0
0.862068965517241,0.896551724137931,0,NaN,NaN,NaN,0,0,0,0.0036913,0
0.862068965517241,0.931034482758621,0,NaN,NaN,NaN,0,0,0,0.0020299,0
0.862068965517241,0.96551724137931,0,NaN,NaN,NaN,0,0,0,0.002554,0
0.862068965517241,0.999,0,NaN,NaN,NaN,0,0,0,0.0024916,0
0.896551724137931,0.001,4,115.5,3918.25,3075.58325195313,0,0,0,0.0066149,0
0.896551724137931,0.0344827586206897,4,115.5,3918.25,3075.58325195313,0,0,0,0.0039326,0
0.896551724137931,0.0689655172413793,4,115.5,3918.25,3075.58325195313,0,0,0,0.0036674,0
0.896551724137931,0.103448275862069,4,115.5,3918.25,3075.58325195313,0,0,0,0.0024908,0
0.896551724137931,0.137931034482759,4,115.5,3918.25,3075.58325195313,0,0,0,0.005911,0
0.896551724137931,0.172413793103448,4,115.5,3918.25,3075.58325195313,0,0,0,0.0074033,0
0.896551724137931,0.206896551724138,4,115.5,3918.25,3075.58325195313,0,0,0,0.0046497,0
0.896551724137931,0.241379310344828,4,115.5,3918.25,3075.58325195313,0,0,0,0.0019185,0
0.896551724137931,0.275862068965517,4,115.5,3918.25,3075.58325195313,0,0,0,0.002333,0
0.896551724137931,0.310344827586207,4,115.5,3918.25,3075.58325195313,0,0,0,0.00234,0
0.896551724137931,0.344827586206897,4,115.5,3918.25,3075.58325195313,0,0,0,0.0047743,0
0.896551724137931,0.379310344827586,4,115.5,3918.25,3075.58325195313,0,0,0,0.0018073,0
0.896551724137931,0.413793103448276,4,115.5,3918.25,3075.58325195313,0,0,0,0.0025756,0
0.896551724137931,0.448275862068966,1,124,5512.5,5512.5,0,0,0,0.005249,0
0.896551724137931,0.482758620689655,1,124,5512.5,5512.5,0,0,0,0.0017471,0
0.896551724137931,0.517241379310345,0,NaN,NaN,NaN,0,0,0,0.0049132,0
0.896551724137931,0.551724137931034,0,NaN,NaN,NaN,0,0,0,0.0016459,0
0.896551724137931,0.586206896551724,0,NaN,NaN,NaN,0,0,0,0.0018014,0
0.896551724137931,0.620689655172414,0,NaN,NaN,NaN,0,0,0,0.0035174,0
0.896551724137931,0.655172413793103,0,NaN,NaN,NaN,0,0,0,0.0041475,0
0.896551724137931,0.689655172413793,0,NaN,NaN,NaN,0,0,0,0.0020205,0
0.896551724137931,0.724137931034483,0,NaN,NaN,NaN,0,0,0,0.0018042,0
0.896551724137931,0.758620689655172,0,NaN,NaN,NaN,0,0,0,0.0018978,0
0.896551724137931,0.793103448275862,0,NaN,NaN,NaN,0,0,0,0.0016507,0
0.896551724137931,0.827586206896552,0,NaN,NaN,NaN,0,0,0,0.002073,0
0.896551724137931,0.862068965517241,0,NaN,NaN,NaN,0,0,0,0.0017673,0
0.896551724137931,0.896551724137931,0,NaN,NaN,NaN,0,0,0,0.0021457,0
0.896551724137931,0.931034482758621,0,NaN,NaN,NaN,0,0,0,0.001786,0
0.896551724137931,0.96551724137931,0,NaN,NaN,NaN,0,0,0,0.0020971,0
0.896551724137931,0.999,0,NaN,NaN,NaN,0,0,0,0.0026669,0
0.931034482758621,0.001,1,124,5512.5,5512.5,0,0,0,0.0071645,0
0.931034482758621,0.0344827586206897,1,124,5512.5,5512.5,0,0,0,0.0025954,0
0.931034482758621,0.0689655172413793,1,124,5512.5,5512.5,0,0,0,0.0024465,0
0.931034482758621,0.103448275862069,1,124,5512.5,5512.5,0,0,0,0.0021717,0
0.931034482758621,0.137931034482759,1,124,5512.5,5512.5,0,0,0,0.002043,0
0.931034482758621,0.172413793103448,1,124,5512.5,5512.5,0,0,0,0.0020142,0
0.931034482758621,0.206896551724138,1,124,5512.5,5512.5,0,0,0,0.0021933,0
0.931034482758621,0.241379310344828,1,124,5512.5,5512.5,0,0,0,0.0027628,0
0.931034482758621,0.275862068965517,1,124,5512.5,5512.5,0,0,0,0.00388,0
0.931034482758621,0.310344827586207,1,124,5512.5,5512.5,0,0,0,0.0037642,0
0.931034482758621,0.344827586206897,1,124,5512.5,5512.5,0,0,0,0.0027468,0
0.931034482758621,0.379310344827586,1,124,5512.5,5512.5,0,0,0,0.0046901,0
0.931034482758621,0.413793103448276,1,124,5512.5,5512.5,0,0,0,0.0032912,0
0.931034482758621,0.448275862068966,1,124,5512.5,5512.5,0,0,0,0.0018756,0
0.931034482758621,0.482758620689655,1,124,5512.5,5512.5,0,0,0,0.0036459,0
0.931034482758621,0.517241379310345,0,NaN,NaN,NaN,0,0,0,0.0029642,0
0.931034482758621,0.551724137931034,0,NaN,NaN,NaN,0,0,0,0.0015382,0
0.931034482758621,0.586206896551724,0,NaN,NaN,NaN,0,0,0,0.0015498,0
0.931034482758621,0.620689655172414,0,NaN,NaN,NaN,0,0,0,0.0015592,0
0.931034482758621,0.655172413793103,0,NaN,NaN,NaN,0,0,0,0.004116,0
0.931034482758621,0.689655172413793,0,NaN,NaN,NaN,0,0,0,0.0019008,0
0.931034482758621,0.724137931034483,0,NaN,NaN,NaN,0,0,0,0.0016607,0
0.931034482758621,0.758620689655172,0,NaN,NaN,NaN,0,0,0,0.0017608,0
0.931034482758621,0.793103448275862,0,NaN,NaN,NaN,0,0,0,0.002085,0
0.931034482758621,0.827586206896552,0,NaN,NaN,NaN,0,0,0,0.003703,0
0.931034482758621,0.862068965517241,0,NaN,NaN,NaN,0,0,0,0.0025956,0
0.931034482758621,0.896551724137931,0,NaN,NaN,NaN,0,0,0,0.0030659,0
0.931034482758621,0.931034482758621,0,NaN,NaN,NaN,0,0,0,0.0022765,0
0.931034482758621,0.96551724137931,0,NaN,NaN,NaN,0,0,0,0.0042464,0
0.931034482758621,0.999,0,NaN,NaN,NaN,0,0,0,0.0020198,0
0.96551724137931,0.001,1,124,5512.5,5512.5,0,0,0,0.0024984,0
0.96551724137931,0.0344827586206897,1,124,5512.5,5512.5,0,0,0,0.0030046,0
0.96551724137931,0.0689655172413793,1,124,5512.5,5512.5,0,0,0,0.0034694,0
0.96551724137931,0.103448275862069,1,124,5512.5,5512.5,0,0,0,0.0019912,0
0.96551724137931,0.137931034482759,1,124,5512.5,5512.5,0,0,0,0.0017493,0
0.96551724137931,0.172413793103448,1,124,5512.5,5512.5,0,0,0,0.0016007,0
0.96551724137931,0.206896551724138,1,124,5512.5,5512.5,0,0,0,0.0016268,0
0.96551724137931,0.241379310344828,1,124,5512.5,5512.5,0,0,0,0.0018318,0
0.96551724137931,0.275862068965517,1,124,5512.5,5512.5,0,0,0,0.0011448,0
0.96551724137931,0.310344827586207,1,124,5512.5,5512.5,0,0,0,0.0014917,0
0.96551724137931,0.344827586206897,1,124,5512.5,5512.5,0,0,0,0.0013078,0
0.96551724137931,0.379310344827586,1,124,5512.5,5512.5,0,0,0,0.0019488,0
0.96551724137931,0.413793103448276,1,124,5512.5,5512.5,0,0,0,0.0012917,0
0.96551724137931,0.448275862068966,1,124,5512.5,5512.5,0,0,0,0.0019206,0
0.96551724137931,0.482758620689655,1,124,5512.5,5512.5,0,0,0,0.0021875,0
0.96551724137931,0.517241379310345,0,NaN,NaN,NaN,0,0,0,0.0076589,0
0.96551724137931,0.551724137931034,0,NaN,NaN,NaN,0,0,0,0.0031077,0
0.96551724137931,0.586206896551724,0,NaN,NaN,NaN,0,0,0,0.0013034,0
0.96551724137931,0.620689655172414,0,NaN,NaN,NaN,0,0,0,0.0010225,0
0.96551724137931,0.655172413793103,0,NaN,NaN,NaN,0,0,0,0.0009671,0
0.96551724137931,0.689655172413793,0,NaN,NaN,NaN,0,0,0,0.0031186,0
0.96551724137931,0.724137931034483,0,NaN,NaN,NaN,0,0,0,0.0015085,0
0.96551724137931,0.758620689655172,0,NaN,NaN,NaN,0,0,0,0.0015195,0
0.96551724137931,0.793103448275862,0,NaN,NaN,NaN,0,0,0,0.0010693,0
0.96551724137931,0.827586206896552,0,NaN,NaN,NaN,0,0,0,0.0009427,0
0.96551724137931,0.862068965517241,0,NaN,NaN,NaN,0,0,0,0.0009413,0
0.96551724137931,0.896551724137931,0,NaN,NaN,NaN,0,0,0,0.0009361,0
0.96551724137931,0.931034482758621,0,NaN,NaN,NaN,0,0,0,0.0009416,0
0.96551724137931,0.96551724137931,0,NaN,NaN,NaN,0,0,0,0.0026876,0
0.96551724137931,0.999,0,NaN,NaN,NaN,0,0,0,0.0021013,0
1,0.001,1,124,5512.5,5512.5,0,0,0,0.002706,0
1,0.0344827586206897,1,124,5512.5,5512.5,0,0,0,0.0016348,0
1,0.0689655172413793,1,124,5512.5,5512.5,0,0,0,0.001382,0
1,0.103448275862069,1,124,5512.5,5512.5,0,0,0,0.0011913,0
1,0.137931034482759,1,124,5512.5,5512.5,0,0,0,0.0010841,0
1,0.172413793103448,1,124,5512.5,5512.5,0,0,0,0.0010431,0
1,0.206896551724138,1,124,5512.5,5512.5,0,0,0,0.0024147,0
1,0.241379310344828,1,124,5512.5,5512.5,0,0,0,0.0015404,0
1,0.275862068965517,1,124,5512.5,5512.5,0,0,0,0.0011959,0
1,0.310344827586207,1,124,5512.5,5512.5,0,0,0,0.0010035,0
1,0.344827586206897,1,124,5512.5,5512.5,0,0,0,0.0009722,0
1,0.379310344827586,1,124,5512.5,5512.5,0,0,0,0.000976,0
1,0.413793103448276,1,124,5512.5,5512.5,0,0,0,0.0011196,0
1,0.448275862068966,1,124,5512.5,5512.5,0,0,0,0.0009988,0
1,0.482758620689655,1,124,5512.5,5512.5,0,0,0,0.0026333,0
1,0.517241379310345,0,NaN,NaN,NaN,0,0,0,0.0022532,0
1,0.551724137931034,0,NaN,NaN,NaN,0,0,0,0.0014651,0
1,0.586206896551724,0,NaN,NaN,NaN,0,0,0,0.0009979,0
1,0.620689655172414,0,NaN,NaN,NaN,0,0,0,0.0010572,0
1,0.655172413793103,0,NaN,NaN,NaN,0,0,0,0.0009809,0
1,0.689655172413793,0,NaN,NaN,NaN,0,0,0,0.0009489,0
1,0.724137931034483,0,NaN,NaN,NaN,0,0,0,0.000932,0
1,0.758620689655172,0,NaN,NaN,NaN,0,0,0,0.0009477,0
1,0.793103448275862,0,NaN,NaN,NaN,0,0,0,0.002556,0
1,0.827586206896552,0,NaN,NaN,NaN,0,0,0,0.0015391,0
1,0.862068965517241,0,NaN,NaN,NaN,0,0,0,0.0010326,0
1,0.896551724137931,0,NaN,NaN,NaN,0,0,0,0.0009658,0
1,0.931034482758621,0,NaN,NaN,NaN,0,0,0,0.0009507,0
1,0.96551724137931,0,NaN,NaN,NaN,0,0,0,0.0009694,0
1,0.999,0,NaN,NaN,NaN,0,0,0,0.0009475,0
0.1,0.2,207,66.9275360107422,2845.10791015625,2618.64624023438,66.5500030517578,215.607879638672,26.5763168334961,0.0092365,1
