paramCombinations_1,paramCombinations_2,paramCombinations_3,paramCombinations_4,numDetectedFeatures,meanScore,varianceLocation_m,varianceLocation_n,meanScoreTop,varianceLocationTop_m,varianceLocationTop_n,computationTime,is_default
region,0.0001,1,3,153,0.000294468831270933,2385.35302734375,3536.87182617188,0.000253351405262947,1732.29150390625,156.72509765625,0.2054649,0
region,0.0001,1,4,391,0.000415371119743213,2490.07104492188,3308.35375976563,0.000339230027748272,1545.18981933594,42.5567893981934,0.0340027,0
region,0.0001,1,5,391,0.000415371119743213,2490.06787109375,3308.3076171875,0.000339230027748272,1545.23254394531,42.552375793457,0.0299769,0
region,0.0001,1,6,614,0.000537396059371531,2480.4423828125,3394.9052734375,0.000339230027748272,1545.26306152344,42.5494384765625,0.0257623,0
region,0.0001,1,7,613,0.000531548575963825,2479.2041015625,3419.36987304688,0.000339230027748272,1545.28393554688,42.5474700927734,0.4283169,0
region,0.0001,1,8,613,0.000525880488567054,2484.6123046875,3410.84350585938,0.000339230027748272,1545.29931640625,42.5460777282715,0.0311903,0
region,0.0001,1,9,619,0.000529937504325062,2479.34497070313,3412.65771484375,0.000339230027748272,1545.31140136719,42.5450477600098,0.0296602,0
region,0.0001,1,10,616,0.000527047959621996,2482.17749023438,3417.5732421875,0.000339230027748272,1545.32080078125,42.5442504882813,0.02251,0
region,0.0001,2,3,415,0.000621419691015035,2497.65795898438,3556.5693359375,0.000273858604487032,1438.4814453125,142.487243652344,0.0223775,0
region,0.0001,2,4,699,0.000621566898189485,2491.9677734375,3387.29370117188,0.000339230027748272,1545.18981933594,42.5567893981934,0.0275315,0
region,0.0001,2,5,732,0.000637635414022952,2483.76171875,3389.3095703125,0.000339230027748272,1545.23254394531,42.552375793457,0.0321017,0
region,0.0001,2,6,781,0.000664079911075532,2484.1064453125,3437.9638671875,0.000339230027748272,1545.26306152344,42.5494384765625,0.0369881,0
region,0.0001,2,7,780,0.000654291885439306,2464.90771484375,3439.37744140625,0.000339230027748272,1545.28393554688,42.5474700927734,0.0398745,0
region,0.0001,2,8,791,0.000644251180347055,2476.65942382813,3446.18994140625,0.000339230027748272,1545.29931640625,42.5460777282715,0.0439146,0
region,0.0001,2,9,798,0.000643039704300463,2458.73706054688,3442.24536132813,0.000339230027748272,1545.31140136719,42.5450477600098,0.1170467,0
region,0.0001,2,10,850,0.000685871345922351,2459.3671875,3443.84741210938,0.000339230027748272,1545.32080078125,42.5442504882813,0.0571213,0
region,0.0001,3,3,464,0.000746070290915668,2473.85424804688,3509.701171875,0.000273858604487032,1438.4814453125,142.487243652344,0.0380444,0
region,0.0001,3,4,734,0.00067895749816671,2504.00390625,3388.45947265625,0.000339230027748272,1545.18981933594,42.5567893981934,0.0435596,0
region,0.0001,3,5,785,0.000731522857677191,2466.15551757813,3405.337890625,0.000339230027748272,1545.23254394531,42.552375793457,0.0664024,0
region,0.0001,3,6,839,0.000746961974073201,2471.83569335938,3464.48681640625,0.000339230027748272,1545.26306152344,42.5494384765625,0.0630577,0
region,0.0001,3,7,844,0.000729310093447566,2461.71533203125,3432.99951171875,0.000339230027748272,1545.28393554688,42.5474700927734,0.085989,0
region,0.0001,3,8,873,0.000718702387530357,2474.89135742188,3438.24951171875,0.000339230027748272,1545.29931640625,42.5460777282715,0.0942976,0
region,0.0001,3,9,903,0.000719960895366967,2450.0361328125,3427.84814453125,0.000339230027748272,1545.31140136719,42.5450477600098,0.1306264,0
region,0.0001,3,10,938,0.000717971241101623,2466.90991210938,3413.7890625,0.000339230027748272,1545.32080078125,42.5442504882813,0.1291625,0
region,0.0001,4,3,483,0.000763111747801304,2516.97094726563,3544.45239257813,0.000273858604487032,1438.4814453125,142.487243652344,0.0729952,0
region,0.0001,4,4,752,0.000684459460899234,2531.90869140625,3401.38671875,0.000339230027748272,1545.18981933594,42.5567893981934,0.1605337,0
region,0.0001,4,5,802,0.000734585337340832,2495.55590820313,3434.53173828125,0.000339230027748272,1545.23254394531,42.552375793457,0.1476885,0
region,0.0001,4,6,853,0.000747573038097471,2499.21557617188,3482.53344726563,0.000339230027748272,1545.26306152344,42.5494384765625,0.1804928,0
region,0.0001,4,7,863,0.00072831375291571,2479.98803710938,3478.53149414063,0.000339230027748272,1545.28393554688,42.5474700927734,0.1308325,0
region,0.0001,4,8,892,0.000719232950359583,2490.88916015625,3483.25756835938,0.000339230027748272,1545.29931640625,42.5460777282715,0.1252103,0
region,0.0001,4,9,919,0.000721250777132809,2467.80493164063,3454.205078125,0.000339230027748272,1545.31140136719,42.5450477600098,0.2748912,0
region,0.0001,4,10,953,0.000718519208021462,2494.1455078125,3431.66284179688,0.000339230027748272,1545.32080078125,42.5442504882813,0.2870112,0
region,0.444444444444444,1,3,0,NaN,NaN,NaN,0,0,0,0.0497232,0
region,0.444444444444444,1,4,0,NaN,NaN,NaN,0,0,0,0.016366,0
region,0.444444444444444,1,5,0,NaN,NaN,NaN,0,0,0,0.020623,0
region,0.444444444444444,1,6,0,NaN,NaN,NaN,0,0,0,0.0177625,0
region,0.444444444444444,1,7,0,NaN,NaN,NaN,0,0,0,0.0205073,0
region,0.444444444444444,1,8,0,NaN,NaN,NaN,0,0,0,0.0286197,0
region,0.444444444444444,1,9,0,NaN,NaN,NaN,0,0,0,0.0263153,0
region,0.444444444444444,1,10,0,NaN,NaN,NaN,0,0,0,0.0329719,0
region,0.444444444444444,2,3,0,NaN,NaN,NaN,0,0,0,0.0278703,0
region,0.444444444444444,2,4,0,NaN,NaN,NaN,0,0,0,0.040767,0
region,0.444444444444444,2,5,0,NaN,NaN,NaN,0,0,0,0.0385853,0
region,0.444444444444444,2,6,0,NaN,NaN,NaN,0,0,0,0.072881,0
region,0.444444444444444,2,7,0,NaN,NaN,NaN,0,0,0,0.0556036,0
region,0.444444444444444,2,8,0,NaN,NaN,NaN,0,0,0,0.0699544,0
region,0.444444444444444,2,9,0,NaN,NaN,NaN,0,0,0,0.0817937,0
region,0.444444444444444,2,10,0,NaN,NaN,NaN,0,0,0,0.2398038,0
region,0.444444444444444,3,3,0,NaN,NaN,NaN,0,0,0,0.1394677,0
region,0.444444444444444,3,4,0,NaN,NaN,NaN,0,0,0,0.1262952,0
region,0.444444444444444,3,5,0,NaN,NaN,NaN,0,0,0,0.1498027,0
region,0.444444444444444,3,6,0,NaN,NaN,NaN,0,0,0,0.140605,0
region,0.444444444444444,3,7,0,NaN,NaN,NaN,0,0,0,0.1664295,0
region,0.444444444444444,3,8,0,NaN,NaN,NaN,0,0,0,0.1296993,0
region,0.444444444444444,3,9,0,NaN,NaN,NaN,0,0,0,0.1248679,0
region,0.444444444444444,3,10,0,NaN,NaN,NaN,0,0,0,0.0898716,0
region,0.444444444444444,4,3,0,NaN,NaN,NaN,0,0,0,0.077762,0
region,0.444444444444444,4,4,0,NaN,NaN,NaN,0,0,0,0.125103,0
region,0.444444444444444,4,5,0,NaN,NaN,NaN,0,0,0,0.1141859,0
region,0.444444444444444,4,6,0,NaN,NaN,NaN,0,0,0,0.1073726,0
region,0.444444444444444,4,7,0,NaN,NaN,NaN,0,0,0,0.1371975,0
region,0.444444444444444,4,8,0,NaN,NaN,NaN,0,0,0,0.2079287,0
region,0.444444444444444,4,9,0,NaN,NaN,NaN,0,0,0,0.2234511,0
region,0.444444444444444,4,10,0,NaN,NaN,NaN,0,0,0,0.1801102,0
region,0.888888888888889,1,3,0,NaN,NaN,NaN,0,0,0,0.0406137,0
region,0.888888888888889,1,4,0,NaN,NaN,NaN,0,0,0,0.0780443,0
region,0.888888888888889,1,5,0,NaN,NaN,NaN,0,0,0,0.0883092,0
region,0.888888888888889,1,6,0,NaN,NaN,NaN,0,0,0,0.0166523,0
region,0.888888888888889,1,7,0,NaN,NaN,NaN,0,0,0,0.0202121,0
region,0.888888888888889,1,8,0,NaN,NaN,NaN,0,0,0,0.0276776,0
region,0.888888888888889,1,9,0,NaN,NaN,NaN,0,0,0,0.0306679,0
region,0.888888888888889,1,10,0,NaN,NaN,NaN,0,0,0,0.0339529,0
region,0.888888888888889,2,3,0,NaN,NaN,NaN,0,0,0,0.0276867,0
region,0.888888888888889,2,4,0,NaN,NaN,NaN,0,0,0,0.0417768,0
region,0.888888888888889,2,5,0,NaN,NaN,NaN,0,0,0,0.0489846,0
region,0.888888888888889,2,6,0,NaN,NaN,NaN,0,0,0,0.0384051,0
region,0.888888888888889,2,7,0,NaN,NaN,NaN,0,0,0,0.0580032,0
region,0.888888888888889,2,8,0,NaN,NaN,NaN,0,0,0,0.0678614,0
region,0.888888888888889,2,9,0,NaN,NaN,NaN,0,0,0,0.0648154,0
region,0.888888888888889,2,10,0,NaN,NaN,NaN,0,0,0,0.0550019,0
region,0.888888888888889,3,3,0,NaN,NaN,NaN,0,0,0,0.0567446,0
region,0.888888888888889,3,4,0,NaN,NaN,NaN,0,0,0,0.0594366,0
region,0.888888888888889,3,5,0,NaN,NaN,NaN,0,0,0,0.0761925,0
region,0.888888888888889,3,6,0,NaN,NaN,NaN,0,0,0,0.0964864,0
region,0.888888888888889,3,7,0,NaN,NaN,NaN,0,0,0,0.102788,0
region,0.888888888888889,3,8,0,NaN,NaN,NaN,0,0,0,0.1446154,0
region,0.888888888888889,3,9,0,NaN,NaN,NaN,0,0,0,0.0830122,0
region,0.888888888888889,3,10,0,NaN,NaN,NaN,0,0,0,0.0846339,0
region,0.888888888888889,4,3,0,NaN,NaN,NaN,0,0,0,0.0775326,0
region,0.888888888888889,4,4,0,NaN,NaN,NaN,0,0,0,0.1116506,0
region,0.888888888888889,4,5,0,NaN,NaN,NaN,0,0,0,0.1269176,0
region,0.888888888888889,4,6,0,NaN,NaN,NaN,0,0,0,0.1705559,0
region,0.888888888888889,4,7,0,NaN,NaN,NaN,0,0,0,0.1690391,0
region,0.888888888888889,4,8,0,NaN,NaN,NaN,0,0,0,0.2272253,0
region,0.888888888888889,4,9,0,NaN,NaN,NaN,0,0,0,0.222649,0
region,0.888888888888889,4,10,0,NaN,NaN,NaN,0,0,0,0.2905762,0
region,1.33333333333333,1,3,0,NaN,NaN,NaN,0,0,0,0.0218716,0
region,1.33333333333333,1,4,0,NaN,NaN,NaN,0,0,0,0.0201314,0
region,1.33333333333333,1,5,0,NaN,NaN,NaN,0,0,0,0.0275626,0
region,1.33333333333333,1,6,0,NaN,NaN,NaN,0,0,0,0.0254388,0
region,1.33333333333333,1,7,0,NaN,NaN,NaN,0,0,0,0.0415256,0
region,1.33333333333333,1,8,0,NaN,NaN,NaN,0,0,0,0.0330661,0
region,1.33333333333333,1,9,0,NaN,NaN,NaN,0,0,0,0.0343992,0
region,1.33333333333333,1,10,0,NaN,NaN,NaN,0,0,0,0.0316437,0
region,1.33333333333333,2,3,0,NaN,NaN,NaN,0,0,0,0.0312537,0
region,1.33333333333333,2,4,0,NaN,NaN,NaN,0,0,0,0.0379894,0
region,1.33333333333333,2,5,0,NaN,NaN,NaN,0,0,0,0.0413361,0
region,1.33333333333333,2,6,0,NaN,NaN,NaN,0,0,0,0.070403,0
region,1.33333333333333,2,7,0,NaN,NaN,NaN,0,0,0,0.0751691,0
region,1.33333333333333,2,8,0,NaN,NaN,NaN,0,0,0,0.0786572,0
region,1.33333333333333,2,9,0,NaN,NaN,NaN,0,0,0,0.1430518,0
region,1.33333333333333,2,10,0,NaN,NaN,NaN,0,0,0,0.0655308,0
region,1.33333333333333,3,3,0,NaN,NaN,NaN,0,0,0,0.0525821,0
region,1.33333333333333,3,4,0,NaN,NaN,NaN,0,0,0,0.0855168,0
region,1.33333333333333,3,5,0,NaN,NaN,NaN,0,0,0,0.0748013,0
region,1.33333333333333,3,6,0,NaN,NaN,NaN,0,0,0,0.0920955,0
region,1.33333333333333,3,7,0,NaN,NaN,NaN,0,0,0,0.0998265,0
region,1.33333333333333,3,8,0,NaN,NaN,NaN,0,0,0,0.1186495,0
region,1.33333333333333,3,9,0,NaN,NaN,NaN,0,0,0,0.1338258,0
region,1.33333333333333,3,10,0,NaN,NaN,NaN,0,0,0,0.1322611,0
region,1.33333333333333,4,3,0,NaN,NaN,NaN,0,0,0,0.1084824,0
region,1.33333333333333,4,4,0,NaN,NaN,NaN,0,0,0,0.1659817,0
region,1.33333333333333,4,5,0,NaN,NaN,NaN,0,0,0,0.1325124,0
region,1.33333333333333,4,6,0,NaN,NaN,NaN,0,0,0,0.180519,0
region,1.33333333333333,4,7,0,NaN,NaN,NaN,0,0,0,0.1911906,0
region,1.33333333333333,4,8,0,NaN,NaN,NaN,0,0,0,0.2600967,0
region,1.33333333333333,4,9,0,NaN,NaN,NaN,0,0,0,0.2174126,0
region,1.33333333333333,4,10,0,NaN,NaN,NaN,0,0,0,0.2789585,0
region,1.77777777777778,1,3,0,NaN,NaN,NaN,0,0,0,0.0195525,0
region,1.77777777777778,1,4,0,NaN,NaN,NaN,0,0,0,0.0206839,0
region,1.77777777777778,1,5,0,NaN,NaN,NaN,0,0,0,0.0166087,0
region,1.77777777777778,1,6,0,NaN,NaN,NaN,0,0,0,0.0280551,0
region,1.77777777777778,1,7,0,NaN,NaN,NaN,0,0,0,0.0393861,0
region,1.77777777777778,1,8,0,NaN,NaN,NaN,0,0,0,0.0263572,0
region,1.77777777777778,1,9,0,NaN,NaN,NaN,0,0,0,0.0336056,0
region,1.77777777777778,1,10,0,NaN,NaN,NaN,0,0,0,0.0329249,0
region,1.77777777777778,2,3,0,NaN,NaN,NaN,0,0,0,0.0323787,0
region,1.77777777777778,2,4,0,NaN,NaN,NaN,0,0,0,0.0453138,0
region,1.77777777777778,2,5,0,NaN,NaN,NaN,0,0,0,0.0533376,0
region,1.77777777777778,2,6,0,NaN,NaN,NaN,0,0,0,0.0463843,0
region,1.77777777777778,2,7,0,NaN,NaN,NaN,0,0,0,0.067222,0
region,1.77777777777778,2,8,0,NaN,NaN,NaN,0,0,0,0.0552014,0
region,1.77777777777778,2,9,0,NaN,NaN,NaN,0,0,0,0.0632192,0
region,1.77777777777778,2,10,0,NaN,NaN,NaN,0,0,0,0.0726146,0
region,1.77777777777778,3,3,0,NaN,NaN,NaN,0,0,0,0.0570303,0
region,1.77777777777778,3,4,0,NaN,NaN,NaN,0,0,0,0.0685546,0
region,1.77777777777778,3,5,0,NaN,NaN,NaN,0,0,0,0.130134,0
region,1.77777777777778,3,6,0,NaN,NaN,NaN,0,0,0,0.104427,0
region,1.77777777777778,3,7,0,NaN,NaN,NaN,0,0,0,0.106183,0
region,1.77777777777778,3,8,0,NaN,NaN,NaN,0,0,0,0.1182039,0
region,1.77777777777778,3,9,0,NaN,NaN,NaN,0,0,0,0.1416259,0
region,1.77777777777778,3,10,0,NaN,NaN,NaN,0,0,0,0.1322419,0
region,1.77777777777778,4,3,0,NaN,NaN,NaN,0,0,0,0.0863931,0
region,1.77777777777778,4,4,0,NaN,NaN,NaN,0,0,0,0.1136121,0
region,1.77777777777778,4,5,0,NaN,NaN,NaN,0,0,0,0.1276684,0
region,1.77777777777778,4,6,0,NaN,NaN,NaN,0,0,0,0.152659,0
region,1.77777777777778,4,7,0,NaN,NaN,NaN,0,0,0,0.1925568,0
region,1.77777777777778,4,8,0,NaN,NaN,NaN,0,0,0,0.2008814,0
region,1.77777777777778,4,9,0,NaN,NaN,NaN,0,0,0,0.2186652,0
region,1.77777777777778,4,10,0,NaN,NaN,NaN,0,0,0,0.239747,0
region,2.22222222222222,1,3,0,NaN,NaN,NaN,0,0,0,0.0140325,0
region,2.22222222222222,1,4,0,NaN,NaN,NaN,0,0,0,0.0177628,0
region,2.22222222222222,1,5,0,NaN,NaN,NaN,0,0,0,0.0194636,0
region,2.22222222222222,1,6,0,NaN,NaN,NaN,0,0,0,0.0295884,0
region,2.22222222222222,1,7,0,NaN,NaN,NaN,0,0,0,0.0218408,0
region,2.22222222222222,1,8,0,NaN,NaN,NaN,0,0,0,0.0271165,0
region,2.22222222222222,1,9,0,NaN,NaN,NaN,0,0,0,0.0300665,0
region,2.22222222222222,1,10,0,NaN,NaN,NaN,0,0,0,0.0387904,0
region,2.22222222222222,2,3,0,NaN,NaN,NaN,0,0,0,0.035172,0
region,2.22222222222222,2,4,0,NaN,NaN,NaN,0,0,0,0.0655175,0
region,2.22222222222222,2,5,0,NaN,NaN,NaN,0,0,0,0.0590885,0
region,2.22222222222222,2,6,0,NaN,NaN,NaN,0,0,0,0.0602568,0
region,2.22222222222222,2,7,0,NaN,NaN,NaN,0,0,0,0.0427912,0
region,2.22222222222222,2,8,0,NaN,NaN,NaN,0,0,0,0.0717288,0
region,2.22222222222222,2,9,0,NaN,NaN,NaN,0,0,0,0.0638891,0
region,2.22222222222222,2,10,0,NaN,NaN,NaN,0,0,0,0.0755774,0
region,2.22222222222222,3,3,0,NaN,NaN,NaN,0,0,0,0.0592108,0
region,2.22222222222222,3,4,0,NaN,NaN,NaN,0,0,0,0.0776987,0
region,2.22222222222222,3,5,0,NaN,NaN,NaN,0,0,0,0.0729323,0
region,2.22222222222222,3,6,0,NaN,NaN,NaN,0,0,0,0.0904989,0
region,2.22222222222222,3,7,0,NaN,NaN,NaN,0,0,0,0.1133527,0
region,2.22222222222222,3,8,0,NaN,NaN,NaN,0,0,0,0.1138157,0
region,2.22222222222222,3,9,0,NaN,NaN,NaN,0,0,0,0.0996185,0
region,2.22222222222222,3,10,0,NaN,NaN,NaN,0,0,0,0.2271111,0
region,2.22222222222222,4,3,0,NaN,NaN,NaN,0,0,0,0.0855758,0
region,2.22222222222222,4,4,0,NaN,NaN,NaN,0,0,0,0.1112862,0
region,2.22222222222222,4,5,0,NaN,NaN,NaN,0,0,0,0.1368217,0
region,2.22222222222222,4,6,0,NaN,NaN,NaN,0,0,0,0.1732731,0
region,2.22222222222222,4,7,0,NaN,NaN,NaN,0,0,0,0.2460612,0
region,2.22222222222222,4,8,0,NaN,NaN,NaN,0,0,0,0.1791299,0
region,2.22222222222222,4,9,0,NaN,NaN,NaN,0,0,0,0.2730458,0
region,2.22222222222222,4,10,0,NaN,NaN,NaN,0,0,0,0.2406391,0
region,2.66666666666667,1,3,0,NaN,NaN,NaN,0,0,0,0.0121841,0
region,2.66666666666667,1,4,0,NaN,NaN,NaN,0,0,0,0.0209611,0
region,2.66666666666667,1,5,0,NaN,NaN,NaN,0,0,0,0.0230659,0
region,2.66666666666667,1,6,0,NaN,NaN,NaN,0,0,0,0.0346859,0
region,2.66666666666667,1,7,0,NaN,NaN,NaN,0,0,0,0.0221054,0
region,2.66666666666667,1,8,0,NaN,NaN,NaN,0,0,0,0.0268953,0
region,2.66666666666667,1,9,0,NaN,NaN,NaN,0,0,0,0.0396671,0
region,2.66666666666667,1,10,0,NaN,NaN,NaN,0,0,0,0.0355769,0
region,2.66666666666667,2,3,0,NaN,NaN,NaN,0,0,0,0.0227585,0
region,2.66666666666667,2,4,0,NaN,NaN,NaN,0,0,0,0.0297621,0
region,2.66666666666667,2,5,0,NaN,NaN,NaN,0,0,0,0.0323188,0
region,2.66666666666667,2,6,0,NaN,NaN,NaN,0,0,0,0.0621388,0
region,2.66666666666667,2,7,0,NaN,NaN,NaN,0,0,0,0.0573704,0
region,2.66666666666667,2,8,0,NaN,NaN,NaN,0,0,0,0.0565629,0
region,2.66666666666667,2,9,0,NaN,NaN,NaN,0,0,0,0.0647844,0
region,2.66666666666667,2,10,0,NaN,NaN,NaN,0,0,0,0.0757041,0
region,2.66666666666667,3,3,0,NaN,NaN,NaN,0,0,0,0.0842359,0
region,2.66666666666667,3,4,0,NaN,NaN,NaN,0,0,0,0.0829279,0
region,2.66666666666667,3,5,0,NaN,NaN,NaN,0,0,0,0.0611928,0
region,2.66666666666667,3,6,0,NaN,NaN,NaN,0,0,0,0.0923548,0
region,2.66666666666667,3,7,0,NaN,NaN,NaN,0,0,0,0.0712021,0
region,2.66666666666667,3,8,0,NaN,NaN,NaN,0,0,0,0.1324387,0
region,2.66666666666667,3,9,0,NaN,NaN,NaN,0,0,0,0.1896223,0
region,2.66666666666667,3,10,0,NaN,NaN,NaN,0,0,0,0.1414327,0
region,2.66666666666667,4,3,0,NaN,NaN,NaN,0,0,0,0.0823316,0
region,2.66666666666667,4,4,0,NaN,NaN,NaN,0,0,0,0.1188395,0
region,2.66666666666667,4,5,0,NaN,NaN,NaN,0,0,0,0.1844518,0
region,2.66666666666667,4,6,0,NaN,NaN,NaN,0,0,0,0.1357578,0
region,2.66666666666667,4,7,0,NaN,NaN,NaN,0,0,0,0.1879679,0
region,2.66666666666667,4,8,0,NaN,NaN,NaN,0,0,0,0.1823036,0
region,2.66666666666667,4,9,0,NaN,NaN,NaN,0,0,0,0.2351767,0
region,2.66666666666667,4,10,0,NaN,NaN,NaN,0,0,0,0.2426272,0
region,3.11111111111111,1,3,0,NaN,NaN,NaN,0,0,0,0.0103412,0
region,3.11111111111111,1,4,0,NaN,NaN,NaN,0,0,0,0.0134755,0
region,3.11111111111111,1,5,0,NaN,NaN,NaN,0,0,0,0.015244,0
region,3.11111111111111,1,6,0,NaN,NaN,NaN,0,0,0,0.1299169,0
region,3.11111111111111,1,7,0,NaN,NaN,NaN,0,0,0,0.0607126,0
region,3.11111111111111,1,8,0,NaN,NaN,NaN,0,0,0,0.0593963,0
region,3.11111111111111,1,9,0,NaN,NaN,NaN,0,0,0,0.0442413,0
region,3.11111111111111,1,10,0,NaN,NaN,NaN,0,0,0,0.0706269,0
region,3.11111111111111,2,3,0,NaN,NaN,NaN,0,0,0,0.057789,0
region,3.11111111111111,2,4,0,NaN,NaN,NaN,0,0,0,0.062582,0
region,3.11111111111111,2,5,0,NaN,NaN,NaN,0,0,0,0.1288572,0
region,3.11111111111111,2,6,0,NaN,NaN,NaN,0,0,0,0.1312184,0
region,3.11111111111111,2,7,0,NaN,NaN,NaN,0,0,0,0.1483455,0
region,3.11111111111111,2,8,0,NaN,NaN,NaN,0,0,0,0.0757329,0
region,3.11111111111111,2,9,0,NaN,NaN,NaN,0,0,0,0.0851923,0
region,3.11111111111111,2,10,0,NaN,NaN,NaN,0,0,0,0.1452372,0
region,3.11111111111111,3,3,0,NaN,NaN,NaN,0,0,0,0.0863558,0
region,3.11111111111111,3,4,0,NaN,NaN,NaN,0,0,0,0.104989,0
region,3.11111111111111,3,5,0,NaN,NaN,NaN,0,0,0,0.0834813,0
region,3.11111111111111,3,6,0,NaN,NaN,NaN,0,0,0,0.0752116,0
region,3.11111111111111,3,7,0,NaN,NaN,NaN,0,0,0,0.067304,0
region,3.11111111111111,3,8,0,NaN,NaN,NaN,0,0,0,0.0648732,0
region,3.11111111111111,3,9,0,NaN,NaN,NaN,0,0,0,0.0853824,0
region,3.11111111111111,3,10,0,NaN,NaN,NaN,0,0,0,0.0922638,0
region,3.11111111111111,4,3,0,NaN,NaN,NaN,0,0,0,0.0485472,0
region,3.11111111111111,4,4,0,NaN,NaN,NaN,0,0,0,0.0745252,0
region,3.11111111111111,4,5,0,NaN,NaN,NaN,0,0,0,0.1381346,0
region,3.11111111111111,4,6,0,NaN,NaN,NaN,0,0,0,0.3640354,0
region,3.11111111111111,4,7,0,NaN,NaN,NaN,0,0,0,0.2683897,0
region,3.11111111111111,4,8,0,NaN,NaN,NaN,0,0,0,0.1697811,0
region,3.11111111111111,4,9,0,NaN,NaN,NaN,0,0,0,0.3043406,0
region,3.11111111111111,4,10,0,NaN,NaN,NaN,0,0,0,0.6790598,0
region,3.55555555555556,1,3,0,NaN,NaN,NaN,0,0,0,0.0258826,0
region,3.55555555555556,1,4,0,NaN,NaN,NaN,0,0,0,0.0212168,0
region,3.55555555555556,1,5,0,NaN,NaN,NaN,0,0,0,0.0309884,0
region,3.55555555555556,1,6,0,NaN,NaN,NaN,0,0,0,0.0987028,0
region,3.55555555555556,1,7,0,NaN,NaN,NaN,0,0,0,0.0421008,0
region,3.55555555555556,1,8,0,NaN,NaN,NaN,0,0,0,0.0577255,0
region,3.55555555555556,1,9,0,NaN,NaN,NaN,0,0,0,0.0598395,0
region,3.55555555555556,1,10,0,NaN,NaN,NaN,0,0,0,0.0440616,0
region,3.55555555555556,2,3,0,NaN,NaN,NaN,0,0,0,0.0332617,0
region,3.55555555555556,2,4,0,NaN,NaN,NaN,0,0,0,0.0356803,0
region,3.55555555555556,2,5,0,NaN,NaN,NaN,0,0,0,0.0495521,0
region,3.55555555555556,2,6,0,NaN,NaN,NaN,0,0,0,0.0515706,0
region,3.55555555555556,2,7,0,NaN,NaN,NaN,0,0,0,0.0495196,0
region,3.55555555555556,2,8,0,NaN,NaN,NaN,0,0,0,0.0649567,0
region,3.55555555555556,2,9,0,NaN,NaN,NaN,0,0,0,0.0549964,0
region,3.55555555555556,2,10,0,NaN,NaN,NaN,0,0,0,0.0688687,0
region,3.55555555555556,3,3,0,NaN,NaN,NaN,0,0,0,0.0593168,0
region,3.55555555555556,3,4,0,NaN,NaN,NaN,0,0,0,0.0497771,0
region,3.55555555555556,3,5,0,NaN,NaN,NaN,0,0,0,0.1133324,0
region,3.55555555555556,3,6,0,NaN,NaN,NaN,0,0,0,0.1684295,0
region,3.55555555555556,3,7,0,NaN,NaN,NaN,0,0,0,0.107593,0
region,3.55555555555556,3,8,0,NaN,NaN,NaN,0,0,0,0.1350985,0
region,3.55555555555556,3,9,0,NaN,NaN,NaN,0,0,0,0.1411211,0
region,3.55555555555556,3,10,0,NaN,NaN,NaN,0,0,0,0.1424467,0
region,3.55555555555556,4,3,0,NaN,NaN,NaN,0,0,0,0.0969464,0
region,3.55555555555556,4,4,0,NaN,NaN,NaN,0,0,0,0.1447727,0
region,3.55555555555556,4,5,0,NaN,NaN,NaN,0,0,0,0.1487762,0
region,3.55555555555556,4,6,0,NaN,NaN,NaN,0,0,0,0.2393134,0
region,3.55555555555556,4,7,0,NaN,NaN,NaN,0,0,0,0.1734269,0
region,3.55555555555556,4,8,0,NaN,NaN,NaN,0,0,0,0.1878968,0
region,3.55555555555556,4,9,0,NaN,NaN,NaN,0,0,0,0.2097445,0
region,3.55555555555556,4,10,0,NaN,NaN,NaN,0,0,0,0.2761504,0
region,4,1,3,0,NaN,NaN,NaN,0,0,0,0.0118856,0
region,4,1,4,0,NaN,NaN,NaN,0,0,0,0.0319904,0
region,4,1,5,0,NaN,NaN,NaN,0,0,0,0.0276516,0
region,4,1,6,0,NaN,NaN,NaN,0,0,0,0.0222683,0
region,4,1,7,0,NaN,NaN,NaN,0,0,0,0.0272495,0
region,4,1,8,0,NaN,NaN,NaN,0,0,0,0.1037304,0
region,4,1,9,0,NaN,NaN,NaN,0,0,0,0.1110832,0
region,4,1,10,0,NaN,NaN,NaN,0,0,0,0.0500106,0
region,4,2,3,0,NaN,NaN,NaN,0,0,0,0.072732,0
region,4,2,4,0,NaN,NaN,NaN,0,0,0,0.0492318,0
region,4,2,5,0,NaN,NaN,NaN,0,0,0,0.1358995,0
region,4,2,6,0,NaN,NaN,NaN,0,0,0,0.0756103,0
region,4,2,7,0,NaN,NaN,NaN,0,0,0,0.0533695,0
region,4,2,8,0,NaN,NaN,NaN,0,0,0,0.0622247,0
region,4,2,9,0,NaN,NaN,NaN,0,0,0,0.0599622,0
region,4,2,10,0,NaN,NaN,NaN,0,0,0,0.0602145,0
region,4,3,3,0,NaN,NaN,NaN,0,0,0,0.0410829,0
region,4,3,4,0,NaN,NaN,NaN,0,0,0,0.0506784,0
region,4,3,5,0,NaN,NaN,NaN,0,0,0,0.0680611,0
region,4,3,6,0,NaN,NaN,NaN,0,0,0,0.0570779,0
region,4,3,7,0,NaN,NaN,NaN,0,0,0,0.0897733,0
region,4,3,8,0,NaN,NaN,NaN,0,0,0,0.1607779,0
region,4,3,9,0,NaN,NaN,NaN,0,0,0,0.0752445,0
region,4,3,10,0,NaN,NaN,NaN,0,0,0,0.0775328,0
region,4,4,3,0,NaN,NaN,NaN,0,0,0,0.0547096,0
region,4,4,4,0,NaN,NaN,NaN,0,0,0,0.0685867,0
region,4,4,5,0,NaN,NaN,NaN,0,0,0,0.0911442,0
region,4,4,6,0,NaN,NaN,NaN,0,0,0,0.0931354,0
region,4,4,7,0,NaN,NaN,NaN,0,0,0,0.14086,0
region,4,4,8,0,NaN,NaN,NaN,0,0,0,0.1831268,0
region,4,4,9,0,NaN,NaN,NaN,0,0,0,0.1711837,0
region,4,4,10,0,NaN,NaN,NaN,0,0,0,0.3051234,0
sharpedge,0.0001,1,3,132,0.00030264601809904,2440.77026367188,3290.24975585938,0.000237075495533645,1740.83508300781,241.593078613281,0.0128659,0
sharpedge,0.0001,1,4,366,0.000382162135792896,2416.53393554688,3405.080078125,0.000288083625491709,1517.67541503906,42.8969612121582,0.0163606,0
sharpedge,0.0001,1,5,367,0.000382605678169057,2412.76049804688,3413.74291992188,0.000288083625491709,1517.70910644531,42.9006729125977,0.0146301,0
sharpedge,0.0001,1,6,590,0.000518544053193182,2415.947265625,3529.83349609375,0.000288083625491709,1517.73303222656,42.9033622741699,0.0274972,0
sharpedge,0.0001,1,7,586,0.000519093708135188,2430.32299804688,3519.35913085938,0.000288083625491709,1517.74975585938,42.9052963256836,0.0242918,0
sharpedge,0.0001,1,8,584,0.000516750384122133,2426.578125,3509.52514648438,0.000288083625491709,1517.76196289063,42.9067497253418,0.0204536,0
sharpedge,0.0001,1,9,586,0.000517170352395624,2434.3916015625,3522.79541015625,0.000288083625491709,1517.77124023438,42.9078750610352,0.0267844,0
sharpedge,0.0001,1,10,586,0.000514527375344187,2433.34643554688,3513.47509765625,0.000288083625491709,1517.77868652344,42.9087905883789,0.0531322,0
sharpedge,0.0001,2,3,417,0.000626291497610509,2536.12280273438,3533.50439453125,0.000283864123048261,1637.45300292969,202.244827270508,0.0231934,0
sharpedge,0.0001,2,4,704,0.000624841719400138,2444.12280273438,3521.869140625,0.000288083625491709,1517.67541503906,42.8969612121582,0.0399132,0
sharpedge,0.0001,2,5,728,0.000644345011096448,2454.79345703125,3455.25927734375,0.000288083625491709,1517.70910644531,42.9006729125977,0.0388954,0
sharpedge,0.0001,2,6,798,0.000669507891871035,2465.16748046875,3551.49096679688,0.000288083625491709,1517.73303222656,42.9033622741699,0.0554927,0
sharpedge,0.0001,2,7,798,0.000665610830765218,2454.78149414063,3531.97778320313,0.000288083625491709,1517.74975585938,42.9052963256836,0.0613945,0
sharpedge,0.0001,2,8,800,0.000662135309539735,2475.88525390625,3537.58764648438,0.000288083625491709,1517.76196289063,42.9067497253418,0.0736601,0
sharpedge,0.0001,2,9,806,0.000655894808005542,2472.26489257813,3543.87524414063,0.000288083625491709,1517.77124023438,42.9078750610352,0.0718469,0
sharpedge,0.0001,2,10,868,0.000707689323462546,2487.154296875,3555.4521484375,0.000288083625491709,1517.77868652344,42.9087905883789,0.081314,0
sharpedge,0.0001,3,3,502,0.000791438738815486,2503.13012695313,3539.46264648438,0.000283864123048261,1637.45300292969,202.244827270508,0.0629157,0
sharpedge,0.0001,3,4,794,0.000704997568391263,2473.66674804688,3559.95458984375,0.000288083625491709,1517.67541503906,42.8969612121582,0.0953621,0
sharpedge,0.0001,3,5,856,0.000749634869862348,2459.85498046875,3528.43237304688,0.000288083625491709,1517.70910644531,42.9006729125977,0.1276159,0
sharpedge,0.0001,3,6,942,0.000786505523137748,2489.81518554688,3593.97485351563,0.000288083625491709,1517.73303222656,42.9033622741699,0.0696359,0
sharpedge,0.0001,3,7,952,0.000789408397395164,2484.05493164063,3540.54223632813,0.000288083625491709,1517.74975585938,42.9052963256836,0.0926985,0
sharpedge,0.0001,3,8,988,0.000791711732745171,2522.25317382813,3548.20263671875,0.000288083625491709,1517.76196289063,42.9067497253418,0.1233653,0
sharpedge,0.0001,3,9,1029,0.000798444263637066,2501.33178710938,3570.89892578125,0.000288083625491709,1517.77124023438,42.9078750610352,0.1232201,0
sharpedge,0.0001,3,10,1060,0.000794738181866705,2548.49096679688,3528.7861328125,0.000288083625491709,1517.77868652344,42.9087905883789,0.1520721,0
sharpedge,0.0001,4,3,555,0.000903159554582089,2542.27124023438,3520.82299804688,0.000283864123048261,1637.45300292969,202.244827270508,0.092373,0
sharpedge,0.0001,4,4,854,0.00077515555312857,2516.31298828125,3557.05981445313,0.000288083625491709,1517.67541503906,42.8969612121582,0.102805,0
sharpedge,0.0001,4,5,915,0.000809246092103422,2491.02026367188,3513.13647460938,0.000288083625491709,1517.70910644531,42.9006729125977,0.1187372,0
sharpedge,0.0001,4,6,1013,0.000862781016621739,2528.74267578125,3579.96826171875,0.000288083625491709,1517.73303222656,42.9033622741699,0.2024852,0
sharpedge,0.0001,4,7,1032,0.000862910645082593,2531.37353515625,3538.7255859375,0.000288083625491709,1517.74975585938,42.9052963256836,0.1740357,0
sharpedge,0.0001,4,8,1074,0.000875205732882023,2549.89086914063,3532.89526367188,0.000288083625491709,1517.76196289063,42.9067497253418,0.192633,0
sharpedge,0.0001,4,9,1124,0.000884619483258575,2523.47119140625,3571.68872070313,0.000288083625491709,1517.77124023438,42.9078750610352,0.2006075,0
sharpedge,0.0001,4,10,1149,0.000856769212987274,2579.65844726563,3538.89184570313,0.000288083625491709,1517.77868652344,42.9087905883789,0.2616111,0
sharpedge,0.444444444444444,1,3,0,NaN,NaN,NaN,0,0,0,0.019996,0
sharpedge,0.444444444444444,1,4,0,NaN,NaN,NaN,0,0,0,0.0193328,0
sharpedge,0.444444444444444,1,5,0,NaN,NaN,NaN,0,0,0,0.0245662,0
sharpedge,0.444444444444444,1,6,0,NaN,NaN,NaN,0,0,0,0.0251059,0
sharpedge,0.444444444444444,1,7,0,NaN,NaN,NaN,0,0,0,0.0364533,0
sharpedge,0.444444444444444,1,8,0,NaN,NaN,NaN,0,0,0,0.0248242,0
sharpedge,0.444444444444444,1,9,0,NaN,NaN,NaN,0,0,0,0.0330317,0
sharpedge,0.444444444444444,1,10,0,NaN,NaN,NaN,0,0,0,0.0421784,0
sharpedge,0.444444444444444,2,3,0,NaN,NaN,NaN,0,0,0,0.0345941,0
sharpedge,0.444444444444444,2,4,0,NaN,NaN,NaN,0,0,0,0.0505531,0
sharpedge,0.444444444444444,2,5,0,NaN,NaN,NaN,0,0,0,0.0386585,0
sharpedge,0.444444444444444,2,6,0,NaN,NaN,NaN,0,0,0,0.0498301,0
sharpedge,0.444444444444444,2,7,0,NaN,NaN,NaN,0,0,0,0.0622763,0
sharpedge,0.444444444444444,2,8,0,NaN,NaN,NaN,0,0,0,0.0652115,0
sharpedge,0.444444444444444,2,9,0,NaN,NaN,NaN,0,0,0,0.0819818,0
sharpedge,0.444444444444444,2,10,0,NaN,NaN,NaN,0,0,0,0.0674444,0
sharpedge,0.444444444444444,3,3,0,NaN,NaN,NaN,0,0,0,0.052641,0
sharpedge,0.444444444444444,3,4,0,NaN,NaN,NaN,0,0,0,0.0704965,0
sharpedge,0.444444444444444,3,5,0,NaN,NaN,NaN,0,0,0,0.0660374,0
sharpedge,0.444444444444444,3,6,0,NaN,NaN,NaN,0,0,0,0.0990415,0
sharpedge,0.444444444444444,3,7,0,NaN,NaN,NaN,0,0,0,0.0829938,0
sharpedge,0.444444444444444,3,8,0,NaN,NaN,NaN,0,0,0,0.1181642,0
sharpedge,0.444444444444444,3,9,0,NaN,NaN,NaN,0,0,0,0.1069035,0
sharpedge,0.444444444444444,3,10,0,NaN,NaN,NaN,0,0,0,0.1599075,0
sharpedge,0.444444444444444,4,3,0,NaN,NaN,NaN,0,0,0,0.0802123,0
sharpedge,0.444444444444444,4,4,0,NaN,NaN,NaN,0,0,0,0.1097307,0
sharpedge,0.444444444444444,4,5,0,NaN,NaN,NaN,0,0,0,0.127639,0
sharpedge,0.444444444444444,4,6,0,NaN,NaN,NaN,0,0,0,0.1380558,0
sharpedge,0.444444444444444,4,7,0,NaN,NaN,NaN,0,0,0,0.1341968,0
sharpedge,0.444444444444444,4,8,0,NaN,NaN,NaN,0,0,0,0.1798261,0
sharpedge,0.444444444444444,4,9,0,NaN,NaN,NaN,0,0,0,0.2095782,0
sharpedge,0.444444444444444,4,10,0,NaN,NaN,NaN,0,0,0,0.2365368,0
sharpedge,0.888888888888889,1,3,0,NaN,NaN,NaN,0,0,0,0.0090859,0
sharpedge,0.888888888888889,1,4,0,NaN,NaN,NaN,0,0,0,0.0165927,0
sharpedge,0.888888888888889,1,5,0,NaN,NaN,NaN,0,0,0,0.0169635,0
sharpedge,0.888888888888889,1,6,0,NaN,NaN,NaN,0,0,0,0.0174361,0
sharpedge,0.888888888888889,1,7,0,NaN,NaN,NaN,0,0,0,0.01671,0
sharpedge,0.888888888888889,1,8,0,NaN,NaN,NaN,0,0,0,0.0265137,0
sharpedge,0.888888888888889,1,9,0,NaN,NaN,NaN,0,0,0,0.0228855,0
sharpedge,0.888888888888889,1,10,0,NaN,NaN,NaN,0,0,0,0.0359353,0
sharpedge,0.888888888888889,2,3,0,NaN,NaN,NaN,0,0,0,0.0320459,0
sharpedge,0.888888888888889,2,4,0,NaN,NaN,NaN,0,0,0,0.0388861,0
sharpedge,0.888888888888889,2,5,0,NaN,NaN,NaN,0,0,0,0.0426099,0
sharpedge,0.888888888888889,2,6,0,NaN,NaN,NaN,0,0,0,0.0581318,0
sharpedge,0.888888888888889,2,7,0,NaN,NaN,NaN,0,0,0,0.0503853,0
sharpedge,0.888888888888889,2,8,0,NaN,NaN,NaN,0,0,0,0.0462205,0
sharpedge,0.888888888888889,2,9,0,NaN,NaN,NaN,0,0,0,0.0689066,0
sharpedge,0.888888888888889,2,10,0,NaN,NaN,NaN,0,0,0,0.0620329,0
sharpedge,0.888888888888889,3,3,0,NaN,NaN,NaN,0,0,0,0.0470523,0
sharpedge,0.888888888888889,3,4,0,NaN,NaN,NaN,0,0,0,0.0707077,0
sharpedge,0.888888888888889,3,5,0,NaN,NaN,NaN,0,0,0,0.0686975,0
sharpedge,0.888888888888889,3,6,0,NaN,NaN,NaN,0,0,0,0.0653856,0
sharpedge,0.888888888888889,3,7,0,NaN,NaN,NaN,0,0,0,0.1132664,0
sharpedge,0.888888888888889,3,8,0,NaN,NaN,NaN,0,0,0,0.1303989,0
sharpedge,0.888888888888889,3,9,0,NaN,NaN,NaN,0,0,0,0.1035347,0
sharpedge,0.888888888888889,3,10,0,NaN,NaN,NaN,0,0,0,0.1646867,0
sharpedge,0.888888888888889,4,3,0,NaN,NaN,NaN,0,0,0,0.0922293,0
sharpedge,0.888888888888889,4,4,0,NaN,NaN,NaN,0,0,0,0.1058817,0
sharpedge,0.888888888888889,4,5,0,NaN,NaN,NaN,0,0,0,0.1413132,0
sharpedge,0.888888888888889,4,6,0,NaN,NaN,NaN,0,0,0,0.1516415,0
sharpedge,0.888888888888889,4,7,0,NaN,NaN,NaN,0,0,0,0.1592817,0
sharpedge,0.888888888888889,4,8,0,NaN,NaN,NaN,0,0,0,0.2209123,0
sharpedge,0.888888888888889,4,9,0,NaN,NaN,NaN,0,0,0,0.206633,0
sharpedge,0.888888888888889,4,10,0,NaN,NaN,NaN,0,0,0,0.2634814,0
sharpedge,1.33333333333333,1,3,0,NaN,NaN,NaN,0,0,0,0.0122987,0
sharpedge,1.33333333333333,1,4,0,NaN,NaN,NaN,0,0,0,0.0548006,0
sharpedge,1.33333333333333,1,5,0,NaN,NaN,NaN,0,0,0,0.0213749,0
sharpedge,1.33333333333333,1,6,0,NaN,NaN,NaN,0,0,0,0.0240457,0
sharpedge,1.33333333333333,1,7,0,NaN,NaN,NaN,0,0,0,0.0278696,0
sharpedge,1.33333333333333,1,8,0,NaN,NaN,NaN,0,0,0,0.0265899,0
sharpedge,1.33333333333333,1,9,0,NaN,NaN,NaN,0,0,0,0.0377082,0
sharpedge,1.33333333333333,1,10,0,NaN,NaN,NaN,0,0,0,0.0278602,0
sharpedge,1.33333333333333,2,3,0,NaN,NaN,NaN,0,0,0,0.0295267,0
sharpedge,1.33333333333333,2,4,0,NaN,NaN,NaN,0,0,0,0.0262185,0
sharpedge,1.33333333333333,2,5,0,NaN,NaN,NaN,0,0,0,0.0381354,0
sharpedge,1.33333333333333,2,6,0,NaN,NaN,NaN,0,0,0,0.0445005,0
sharpedge,1.33333333333333,2,7,0,NaN,NaN,NaN,0,0,0,0.0468863,0
sharpedge,1.33333333333333,2,8,0,NaN,NaN,NaN,0,0,0,0.0500281,0
sharpedge,1.33333333333333,2,9,0,NaN,NaN,NaN,0,0,0,0.0992718,0
sharpedge,1.33333333333333,2,10,0,NaN,NaN,NaN,0,0,0,0.0606709,0
sharpedge,1.33333333333333,3,3,0,NaN,NaN,NaN,0,0,0,0.0465697,0
sharpedge,1.33333333333333,3,4,0,NaN,NaN,NaN,0,0,0,0.0551806,0
sharpedge,1.33333333333333,3,5,0,NaN,NaN,NaN,0,0,0,0.1100377,0
sharpedge,1.33333333333333,3,6,0,NaN,NaN,NaN,0,0,0,0.0809874,0
sharpedge,1.33333333333333,3,7,0,NaN,NaN,NaN,0,0,0,0.1036302,0
sharpedge,1.33333333333333,3,8,0,NaN,NaN,NaN,0,0,0,0.1045257,0
sharpedge,1.33333333333333,3,9,0,NaN,NaN,NaN,0,0,0,0.1223332,0
sharpedge,1.33333333333333,3,10,0,NaN,NaN,NaN,0,0,0,0.1167412,0
sharpedge,1.33333333333333,4,3,0,NaN,NaN,NaN,0,0,0,0.085695,0
sharpedge,1.33333333333333,4,4,0,NaN,NaN,NaN,0,0,0,0.1094005,0
sharpedge,1.33333333333333,4,5,0,NaN,NaN,NaN,0,0,0,0.1752655,0
sharpedge,1.33333333333333,4,6,0,NaN,NaN,NaN,0,0,0,0.1669048,0
sharpedge,1.33333333333333,4,7,0,NaN,NaN,NaN,0,0,0,0.1572516,0
sharpedge,1.33333333333333,4,8,0,NaN,NaN,NaN,0,0,0,0.1808208,0
sharpedge,1.33333333333333,4,9,0,NaN,NaN,NaN,0,0,0,0.1788747,0
sharpedge,1.33333333333333,4,10,0,NaN,NaN,NaN,0,0,0,0.2184981,0
sharpedge,1.77777777777778,1,3,0,NaN,NaN,NaN,0,0,0,0.0131799,0
sharpedge,1.77777777777778,1,4,0,NaN,NaN,NaN,0,0,0,0.0182281,0
sharpedge,1.77777777777778,1,5,0,NaN,NaN,NaN,0,0,0,0.0164894,0
sharpedge,1.77777777777778,1,6,0,NaN,NaN,NaN,0,0,0,0.0189473,0
sharpedge,1.77777777777778,1,7,0,NaN,NaN,NaN,0,0,0,0.0471702,0
sharpedge,1.77777777777778,1,8,0,NaN,NaN,NaN,0,0,0,0.0327586,0
sharpedge,1.77777777777778,1,9,0,NaN,NaN,NaN,0,0,0,0.0567625,0
sharpedge,1.77777777777778,1,10,0,NaN,NaN,NaN,0,0,0,0.0281679,0
sharpedge,1.77777777777778,2,3,0,NaN,NaN,NaN,0,0,0,0.0272484,0
sharpedge,1.77777777777778,2,4,0,NaN,NaN,NaN,0,0,0,0.0418974,0
sharpedge,1.77777777777778,2,5,0,NaN,NaN,NaN,0,0,0,0.0391431,0
sharpedge,1.77777777777778,2,6,0,NaN,NaN,NaN,0,0,0,0.039885,0
sharpedge,1.77777777777778,2,7,0,NaN,NaN,NaN,0,0,0,0.0341867,0
sharpedge,1.77777777777778,2,8,0,NaN,NaN,NaN,0,0,0,0.0581619,0
sharpedge,1.77777777777778,2,9,0,NaN,NaN,NaN,0,0,0,0.0774505,0
sharpedge,1.77777777777778,2,10,0,NaN,NaN,NaN,0,0,0,0.0721333,0
sharpedge,1.77777777777778,3,3,0,NaN,NaN,NaN,0,0,0,0.0290506,0
sharpedge,1.77777777777778,3,4,0,NaN,NaN,NaN,0,0,0,0.0603657,0
sharpedge,1.77777777777778,3,5,0,NaN,NaN,NaN,0,0,0,0.0666216,0
sharpedge,1.77777777777778,3,6,0,NaN,NaN,NaN,0,0,0,0.0936854,0
sharpedge,1.77777777777778,3,7,0,NaN,NaN,NaN,0,0,0,0.1267327,0
sharpedge,1.77777777777778,3,8,0,NaN,NaN,NaN,0,0,0,0.1099116,0
sharpedge,1.77777777777778,3,9,0,NaN,NaN,NaN,0,0,0,0.1188934,0
sharpedge,1.77777777777778,3,10,0,NaN,NaN,NaN,0,0,0,0.1477387,0
sharpedge,1.77777777777778,4,3,0,NaN,NaN,NaN,0,0,0,0.0640004,0
sharpedge,1.77777777777778,4,4,0,NaN,NaN,NaN,0,0,0,0.1138433,0
sharpedge,1.77777777777778,4,5,0,NaN,NaN,NaN,0,0,0,0.125891,0
sharpedge,1.77777777777778,4,6,0,NaN,NaN,NaN,0,0,0,0.1560493,0
sharpedge,1.77777777777778,4,7,0,NaN,NaN,NaN,0,0,0,0.193591,0
sharpedge,1.77777777777778,4,8,0,NaN,NaN,NaN,0,0,0,0.1753168,0
sharpedge,1.77777777777778,4,9,0,NaN,NaN,NaN,0,0,0,0.281278,0
sharpedge,1.77777777777778,4,10,0,NaN,NaN,NaN,0,0,0,0.218074,0
sharpedge,2.22222222222222,1,3,0,NaN,NaN,NaN,0,0,0,0.0126126,0
sharpedge,2.22222222222222,1,4,0,NaN,NaN,NaN,0,0,0,0.0256562,0
sharpedge,2.22222222222222,1,5,0,NaN,NaN,NaN,0,0,0,0.0247395,0
sharpedge,2.22222222222222,1,6,0,NaN,NaN,NaN,0,0,0,0.0161588,0
sharpedge,2.22222222222222,1,7,0,NaN,NaN,NaN,0,0,0,0.0278313,0
sharpedge,2.22222222222222,1,8,0,NaN,NaN,NaN,0,0,0,0.0282852,0
sharpedge,2.22222222222222,1,9,0,NaN,NaN,NaN,0,0,0,0.0284855,0
sharpedge,2.22222222222222,1,10,0,NaN,NaN,NaN,0,0,0,0.0388219,0
sharpedge,2.22222222222222,2,3,0,NaN,NaN,NaN,0,0,0,0.0284661,0
sharpedge,2.22222222222222,2,4,0,NaN,NaN,NaN,0,0,0,0.0316777,0
sharpedge,2.22222222222222,2,5,0,NaN,NaN,NaN,0,0,0,0.0518168,0
sharpedge,2.22222222222222,2,6,0,NaN,NaN,NaN,0,0,0,0.0500087,0
sharpedge,2.22222222222222,2,7,0,NaN,NaN,NaN,0,0,0,0.0608185,0
sharpedge,2.22222222222222,2,8,0,NaN,NaN,NaN,0,0,0,0.0478222,0
sharpedge,2.22222222222222,2,9,0,NaN,NaN,NaN,0,0,0,0.0862255,0
sharpedge,2.22222222222222,2,10,0,NaN,NaN,NaN,0,0,0,0.0847432,0
sharpedge,2.22222222222222,3,3,0,NaN,NaN,NaN,0,0,0,0.0560221,0
sharpedge,2.22222222222222,3,4,0,NaN,NaN,NaN,0,0,0,0.1029928,0
sharpedge,2.22222222222222,3,5,0,NaN,NaN,NaN,0,0,0,0.0830768,0
sharpedge,2.22222222222222,3,6,0,NaN,NaN,NaN,0,0,0,0.079186,0
sharpedge,2.22222222222222,3,7,0,NaN,NaN,NaN,0,0,0,0.1059965,0
sharpedge,2.22222222222222,3,8,0,NaN,NaN,NaN,0,0,0,0.1181579,0
sharpedge,2.22222222222222,3,9,0,NaN,NaN,NaN,0,0,0,0.1392572,0
sharpedge,2.22222222222222,3,10,0,NaN,NaN,NaN,0,0,0,0.1572786,0
sharpedge,2.22222222222222,4,3,0,NaN,NaN,NaN,0,0,0,0.0962044,0
sharpedge,2.22222222222222,4,4,0,NaN,NaN,NaN,0,0,0,0.1200001,0
sharpedge,2.22222222222222,4,5,0,NaN,NaN,NaN,0,0,0,0.1156967,0
sharpedge,2.22222222222222,4,6,0,NaN,NaN,NaN,0,0,0,0.1816492,0
sharpedge,2.22222222222222,4,7,0,NaN,NaN,NaN,0,0,0,0.1684796,0
sharpedge,2.22222222222222,4,8,0,NaN,NaN,NaN,0,0,0,0.2411021,0
sharpedge,2.22222222222222,4,9,0,NaN,NaN,NaN,0,0,0,0.1829964,0
sharpedge,2.22222222222222,4,10,0,NaN,NaN,NaN,0,0,0,0.1450077,0
sharpedge,2.66666666666667,1,3,0,NaN,NaN,NaN,0,0,0,0.0075561,0
sharpedge,2.66666666666667,1,4,0,NaN,NaN,NaN,0,0,0,0.0092155,0
sharpedge,2.66666666666667,1,5,0,NaN,NaN,NaN,0,0,0,0.009288,0
sharpedge,2.66666666666667,1,6,0,NaN,NaN,NaN,0,0,0,0.0127229,0
sharpedge,2.66666666666667,1,7,0,NaN,NaN,NaN,0,0,0,0.0131537,0
sharpedge,2.66666666666667,1,8,0,NaN,NaN,NaN,0,0,0,0.0138378,0
sharpedge,2.66666666666667,1,9,0,NaN,NaN,NaN,0,0,0,0.0187855,0
sharpedge,2.66666666666667,1,10,0,NaN,NaN,NaN,0,0,0,0.0177138,0
sharpedge,2.66666666666667,2,3,0,NaN,NaN,NaN,0,0,0,0.0152823,0
sharpedge,2.66666666666667,2,4,0,NaN,NaN,NaN,0,0,0,0.0217336,0
sharpedge,2.66666666666667,2,5,0,NaN,NaN,NaN,0,0,0,0.0218085,0
sharpedge,2.66666666666667,2,6,0,NaN,NaN,NaN,0,0,0,0.027167,0
sharpedge,2.66666666666667,2,7,0,NaN,NaN,NaN,0,0,0,0.0288647,0
sharpedge,2.66666666666667,2,8,0,NaN,NaN,NaN,0,0,0,0.0325423,0
sharpedge,2.66666666666667,2,9,0,NaN,NaN,NaN,0,0,0,0.0657729,0
sharpedge,2.66666666666667,2,10,0,NaN,NaN,NaN,0,0,0,0.0516977,0
sharpedge,2.66666666666667,3,3,0,NaN,NaN,NaN,0,0,0,0.0276853,0
sharpedge,2.66666666666667,3,4,0,NaN,NaN,NaN,0,0,0,0.0372971,0
sharpedge,2.66666666666667,3,5,0,NaN,NaN,NaN,0,0,0,0.0404078,0
sharpedge,2.66666666666667,3,6,0,NaN,NaN,NaN,0,0,0,0.0430549,0
sharpedge,2.66666666666667,3,7,0,NaN,NaN,NaN,0,0,0,0.0493501,0
sharpedge,2.66666666666667,3,8,0,NaN,NaN,NaN,0,0,0,0.0521084,0
sharpedge,2.66666666666667,3,9,0,NaN,NaN,NaN,0,0,0,0.059211,0
sharpedge,2.66666666666667,3,10,0,NaN,NaN,NaN,0,0,0,0.0595631,0
sharpedge,2.66666666666667,4,3,0,NaN,NaN,NaN,0,0,0,0.0410679,0
sharpedge,2.66666666666667,4,4,0,NaN,NaN,NaN,0,0,0,0.0508494,0
sharpedge,2.66666666666667,4,5,0,NaN,NaN,NaN,0,0,0,0.0642997,0
sharpedge,2.66666666666667,4,6,0,NaN,NaN,NaN,0,0,0,0.0702835,0
sharpedge,2.66666666666667,4,7,0,NaN,NaN,NaN,0,0,0,0.0775733,0
sharpedge,2.66666666666667,4,8,0,NaN,NaN,NaN,0,0,0,0.0878981,0
sharpedge,2.66666666666667,4,9,0,NaN,NaN,NaN,0,0,0,0.0983063,0
sharpedge,2.66666666666667,4,10,0,NaN,NaN,NaN,0,0,0,0.1154877,0
sharpedge,3.11111111111111,1,3,0,NaN,NaN,NaN,0,0,0,0.0125918,0
sharpedge,3.11111111111111,1,4,0,NaN,NaN,NaN,0,0,0,0.013258,0
sharpedge,3.11111111111111,1,5,0,NaN,NaN,NaN,0,0,0,0.0146575,0
sharpedge,3.11111111111111,1,6,0,NaN,NaN,NaN,0,0,0,0.0179102,0
sharpedge,3.11111111111111,1,7,0,NaN,NaN,NaN,0,0,0,0.0282166,0
sharpedge,3.11111111111111,1,8,0,NaN,NaN,NaN,0,0,0,0.0189479,0
sharpedge,3.11111111111111,1,9,0,NaN,NaN,NaN,0,0,0,0.0165048,0
sharpedge,3.11111111111111,1,10,0,NaN,NaN,NaN,0,0,0,0.0199915,0
sharpedge,3.11111111111111,2,3,0,NaN,NaN,NaN,0,0,0,0.0154083,0
sharpedge,3.11111111111111,2,4,0,NaN,NaN,NaN,0,0,0,0.017777,0
sharpedge,3.11111111111111,2,5,0,NaN,NaN,NaN,0,0,0,0.0205709,0
sharpedge,3.11111111111111,2,6,0,NaN,NaN,NaN,0,0,0,0.023993,0
sharpedge,3.11111111111111,2,7,0,NaN,NaN,NaN,0,0,0,0.0243031,0
sharpedge,3.11111111111111,2,8,0,NaN,NaN,NaN,0,0,0,0.0353248,0
sharpedge,3.11111111111111,2,9,0,NaN,NaN,NaN,0,0,0,0.0303458,0
sharpedge,3.11111111111111,2,10,0,NaN,NaN,NaN,0,0,0,0.0327831,0
sharpedge,3.11111111111111,3,3,0,NaN,NaN,NaN,0,0,0,0.0233716,0
sharpedge,3.11111111111111,3,4,0,NaN,NaN,NaN,0,0,0,0.0292831,0
sharpedge,3.11111111111111,3,5,0,NaN,NaN,NaN,0,0,0,0.0339542,0
sharpedge,3.11111111111111,3,6,0,NaN,NaN,NaN,0,0,0,0.0431147,0
sharpedge,3.11111111111111,3,7,0,NaN,NaN,NaN,0,0,0,0.0511079,0
sharpedge,3.11111111111111,3,8,0,NaN,NaN,NaN,0,0,0,0.0596741,0
sharpedge,3.11111111111111,3,9,0,NaN,NaN,NaN,0,0,0,0.0797625,0
sharpedge,3.11111111111111,3,10,0,NaN,NaN,NaN,0,0,0,0.0627908,0
sharpedge,3.11111111111111,4,3,0,NaN,NaN,NaN,0,0,0,0.0422865,0
sharpedge,3.11111111111111,4,4,0,NaN,NaN,NaN,0,0,0,0.0600492,0
sharpedge,3.11111111111111,4,5,0,NaN,NaN,NaN,0,0,0,0.0604468,0
sharpedge,3.11111111111111,4,6,0,NaN,NaN,NaN,0,0,0,0.0720627,0
sharpedge,3.11111111111111,4,7,0,NaN,NaN,NaN,0,0,0,0.081033,0
sharpedge,3.11111111111111,4,8,0,NaN,NaN,NaN,0,0,0,0.1400082,0
sharpedge,3.11111111111111,4,9,0,NaN,NaN,NaN,0,0,0,0.1386464,0
sharpedge,3.11111111111111,4,10,0,NaN,NaN,NaN,0,0,0,0.1268188,0
sharpedge,3.55555555555556,1,3,0,NaN,NaN,NaN,0,0,0,0.006858,0
sharpedge,3.55555555555556,1,4,0,NaN,NaN,NaN,0,0,0,0.007962,0
sharpedge,3.55555555555556,1,5,0,NaN,NaN,NaN,0,0,0,0.0097447,0
sharpedge,3.55555555555556,1,6,0,NaN,NaN,NaN,0,0,0,0.0106967,0
sharpedge,3.55555555555556,1,7,0,NaN,NaN,NaN,0,0,0,0.0117131,0
sharpedge,3.55555555555556,1,8,0,NaN,NaN,NaN,0,0,0,0.01291,0
sharpedge,3.55555555555556,1,9,0,NaN,NaN,NaN,0,0,0,0.0157557,0
sharpedge,3.55555555555556,1,10,0,NaN,NaN,NaN,0,0,0,0.0190896,0
sharpedge,3.55555555555556,2,3,0,NaN,NaN,NaN,0,0,0,0.0134355,0
sharpedge,3.55555555555556,2,4,0,NaN,NaN,NaN,0,0,0,0.019321,0
sharpedge,3.55555555555556,2,5,0,NaN,NaN,NaN,0,0,0,0.0193201,0
sharpedge,3.55555555555556,2,6,0,NaN,NaN,NaN,0,0,0,0.0229898,0
sharpedge,3.55555555555556,2,7,0,NaN,NaN,NaN,0,0,0,0.0251272,0
sharpedge,3.55555555555556,2,8,0,NaN,NaN,NaN,0,0,0,0.0267664,0
sharpedge,3.55555555555556,2,9,0,NaN,NaN,NaN,0,0,0,0.0354111,0
sharpedge,3.55555555555556,2,10,0,NaN,NaN,NaN,0,0,0,0.0485303,0
sharpedge,3.55555555555556,3,3,0,NaN,NaN,NaN,0,0,0,0.0275042,0
sharpedge,3.55555555555556,3,4,0,NaN,NaN,NaN,0,0,0,0.0292843,0
sharpedge,3.55555555555556,3,5,0,NaN,NaN,NaN,0,0,0,0.0389843,0
sharpedge,3.55555555555556,3,6,0,NaN,NaN,NaN,0,0,0,0.0418157,0
sharpedge,3.55555555555556,3,7,0,NaN,NaN,NaN,0,0,0,0.0495444,0
sharpedge,3.55555555555556,3,8,0,NaN,NaN,NaN,0,0,0,0.053564,0
sharpedge,3.55555555555556,3,9,0,NaN,NaN,NaN,0,0,0,0.0666023,0
sharpedge,3.55555555555556,3,10,0,NaN,NaN,NaN,0,0,0,0.0628777,0
sharpedge,3.55555555555556,4,3,0,NaN,NaN,NaN,0,0,0,0.0398995,0
sharpedge,3.55555555555556,4,4,0,NaN,NaN,NaN,0,0,0,0.0752222,0
sharpedge,3.55555555555556,4,5,0,NaN,NaN,NaN,0,0,0,0.088969,0
sharpedge,3.55555555555556,4,6,0,NaN,NaN,NaN,0,0,0,0.0675944,0
sharpedge,3.55555555555556,4,7,0,NaN,NaN,NaN,0,0,0,0.0782997,0
sharpedge,3.55555555555556,4,8,0,NaN,NaN,NaN,0,0,0,0.1194087,0
sharpedge,3.55555555555556,4,9,0,NaN,NaN,NaN,0,0,0,0.0945537,0
sharpedge,3.55555555555556,4,10,0,NaN,NaN,NaN,0,0,0,0.1148109,0
sharpedge,4,1,3,0,NaN,NaN,NaN,0,0,0,0.0070686,0
sharpedge,4,1,4,0,NaN,NaN,NaN,0,0,0,0.0093331,0
sharpedge,4,1,5,0,NaN,NaN,NaN,0,0,0,0.0091525,0
sharpedge,4,1,6,0,NaN,NaN,NaN,0,0,0,0.0126117,0
sharpedge,4,1,7,0,NaN,NaN,NaN,0,0,0,0.020674,0
sharpedge,4,1,8,0,NaN,NaN,NaN,0,0,0,0.0706286,0
sharpedge,4,1,9,0,NaN,NaN,NaN,0,0,0,0.1192067,0
sharpedge,4,1,10,0,NaN,NaN,NaN,0,0,0,0.0466367,0
sharpedge,4,2,3,0,NaN,NaN,NaN,0,0,0,0.0215703,0
sharpedge,4,2,4,0,NaN,NaN,NaN,0,0,0,0.0220774,0
sharpedge,4,2,5,0,NaN,NaN,NaN,0,0,0,0.0392799,0
sharpedge,4,2,6,0,NaN,NaN,NaN,0,0,0,0.0493613,0
sharpedge,4,2,7,0,NaN,NaN,NaN,0,0,0,0.0667292,0
sharpedge,4,2,8,0,NaN,NaN,NaN,0,0,0,0.1271687,0
sharpedge,4,2,9,0,NaN,NaN,NaN,0,0,0,0.046143,0
sharpedge,4,2,10,0,NaN,NaN,NaN,0,0,0,0.0498241,0
sharpedge,4,3,3,0,NaN,NaN,NaN,0,0,0,0.0413038,0
sharpedge,4,3,4,0,NaN,NaN,NaN,0,0,0,0.0400471,0
sharpedge,4,3,5,0,NaN,NaN,NaN,0,0,0,0.0650081,0
sharpedge,4,3,6,0,NaN,NaN,NaN,0,0,0,0.1004977,0
sharpedge,4,3,7,0,NaN,NaN,NaN,0,0,0,0.0831544,0
sharpedge,4,3,8,0,NaN,NaN,NaN,0,0,0,0.0920578,0
sharpedge,4,3,9,0,NaN,NaN,NaN,0,0,0,0.128538,0
sharpedge,4,3,10,0,NaN,NaN,NaN,0,0,0,0.0837641,0
sharpedge,4,4,3,0,NaN,NaN,NaN,0,0,0,0.0814836,0
sharpedge,4,4,4,0,NaN,NaN,NaN,0,0,0,0.1353371,0
sharpedge,4,4,5,0,NaN,NaN,NaN,0,0,0,0.1325053,0
sharpedge,4,4,6,0,NaN,NaN,NaN,0,0,0,0.136851,0
sharpedge,4,4,7,0,NaN,NaN,NaN,0,0,0,0.1699416,0
sharpedge,4,4,8,0,NaN,NaN,NaN,0,0,0,0.1783818,0
sharpedge,4,4,9,0,NaN,NaN,NaN,0,0,0,0.2539319,0
sharpedge,4,4,10,0,NaN,NaN,NaN,0,0,0,0.1688162,0
edge,0.0001,1,3,161,0.000286884926026687,2349.21752929688,3459.55151367188,0.000236236024647951,1858.20520019531,191.377319335938,0.0137505,0
edge,0.0001,1,4,358,0.000377047952497378,2441.04174804688,3436.06372070313,0.000265244831098244,1498.96520996094,45.9435501098633,0.0165317,0
edge,0.0001,1,5,363,0.000381141871912405,2436.08569335938,3449.99731445313,0.000265244831098244,1498.99926757813,45.942066192627,0.0185784,0
edge,0.0001,1,6,562,0.000510837766341865,2466.08422851563,3516.61352539063,0.000265244831098244,1499.02111816406,45.9404449462891,0.0235997,0
edge,0.0001,1,7,558,0.000503428047522902,2468.70947265625,3501.30224609375,0.000265244831098244,1499.03503417969,45.9392929077148,0.0238647,0
edge,0.0001,1,8,558,0.000506328768096864,2493.25366210938,3483.24853515625,0.000265244831098244,1499.04479980469,45.9384422302246,0.0403733,0
edge,0.0001,1,9,564,0.000501765112858266,2460.33203125,3516.98706054688,0.000265244831098244,1499.05187988281,45.937801361084,0.0409528,0
edge,0.0001,1,10,557,0.000505687901750207,2490.38525390625,3478.91845703125,0.000265244831098244,1499.05725097656,45.9372978210449,0.0378775,0
edge,0.0001,2,3,411,0.000612025440204889,2435.10717773438,3624.4169921875,0.000236236024647951,1858.20520019531,191.377319335938,0.0208682,0
edge,0.0001,2,4,663,0.000594107725191861,2442.66186523438,3588.9404296875,0.000265244831098244,1498.96520996094,45.9435501098633,0.025179,0
edge,0.0001,2,5,698,0.000635456934105605,2472.73095703125,3521.34350585938,0.000265244831098244,1498.99926757813,45.942066192627,0.0272657,0
edge,0.0001,2,6,767,0.000646773318294436,2493.68212890625,3588.3896484375,0.000265244831098244,1499.02111816406,45.9404449462891,0.0427384,0
edge,0.0001,2,7,761,0.000642802799120545,2465.11157226563,3590.89331054688,0.000265244831098244,1499.03503417969,45.9392929077148,0.0465228,0
edge,0.0001,2,8,767,0.000637809047475457,2482.87475585938,3580.16845703125,0.000265244831098244,1499.04479980469,45.9384422302246,0.0744285,0
edge,0.0001,2,9,771,0.000634190568234771,2445.58251953125,3622.45776367188,0.000265244831098244,1499.05187988281,45.937801361084,0.0748688,0
edge,0.0001,2,10,834,0.000685699284076691,2471.38330078125,3640.70776367188,0.000265244831098244,1499.05725097656,45.9372978210449,0.085034,0
edge,0.0001,3,3,492,0.000762970477808267,2441.74365234375,3624.97094726563,0.000236236024647951,1858.20520019531,191.377319335938,0.0643203,0
edge,0.0001,3,4,748,0.000677267962601036,2487.85986328125,3582.55078125,0.000265244831098244,1498.96520996094,45.9435501098633,0.1599917,0
edge,0.0001,3,5,820,0.000741853145882487,2512.59619140625,3526.96875,0.000265244831098244,1498.99926757813,45.942066192627,0.0814317,0
edge,0.0001,3,6,914,0.000768606958445162,2490.10498046875,3641.21411132813,0.000265244831098244,1499.02111816406,45.9404449462891,0.1132208,0
edge,0.0001,3,7,913,0.000765643257182091,2459.79907226563,3634.6572265625,0.000265244831098244,1499.03503417969,45.9392929077148,0.1311557,0
edge,0.0001,3,8,940,0.000763759424444288,2495.29174804688,3608.9833984375,0.000265244831098244,1499.04479980469,45.9384422302246,0.2541064,0
edge,0.0001,3,9,974,0.000741090974770486,2473.12915039063,3654.4482421875,0.000265244831098244,1499.05187988281,45.937801361084,0.1849926,0
edge,0.0001,3,10,1016,0.000749157392419875,2532.833984375,3604.7236328125,0.000265244831098244,1499.05725097656,45.9372978210449,0.1618676,0
edge,0.0001,4,3,541,0.000855587015394121,2427.03076171875,3591.68701171875,0.000236236024647951,1858.20520019531,191.377319335938,0.1383276,0
edge,0.0001,4,4,804,0.000731634616386145,2512.91650390625,3595.7666015625,0.000265244831098244,1498.96520996094,45.9435501098633,0.1475375,0
edge,0.0001,4,5,876,0.000790992053225636,2551.42333984375,3507.38525390625,0.000265244831098244,1498.99926757813,45.942066192627,0.1555632,0
edge,0.0001,4,6,985,0.000822398229502141,2535.4404296875,3639.57055664063,0.000265244831098244,1499.02111816406,45.9404449462891,0.2151653,0
edge,0.0001,4,7,984,0.000852418597787619,2467.12573242188,3650.23217773438,0.000265244831098244,1499.03503417969,45.9392929077148,0.3014538,0
edge,0.0001,4,8,1016,0.000853785837534815,2516.94702148438,3620.083984375,0.000265244831098244,1499.04479980469,45.9384422302246,0.205727,0
edge,0.0001,4,9,1054,0.000828263466246426,2489.03833007813,3690.33618164063,0.000265244831098244,1499.05187988281,45.937801361084,0.302406,0
edge,0.0001,4,10,1093,0.000823402660898864,2558.43603515625,3624.65234375,0.000265244831098244,1499.05725097656,45.9372978210449,0.3221254,0
edge,0.444444444444444,1,3,0,NaN,NaN,NaN,0,0,0,0.0177598,0
edge,0.444444444444444,1,4,0,NaN,NaN,NaN,0,0,0,0.0350117,0
edge,0.444444444444444,1,5,0,NaN,NaN,NaN,0,0,0,0.0209256,0
edge,0.444444444444444,1,6,0,NaN,NaN,NaN,0,0,0,0.0265261,0
edge,0.444444444444444,1,7,0,NaN,NaN,NaN,0,0,0,0.0190319,0
edge,0.444444444444444,1,8,0,NaN,NaN,NaN,0,0,0,0.0176424,0
edge,0.444444444444444,1,9,0,NaN,NaN,NaN,0,0,0,0.0218372,0
edge,0.444444444444444,1,10,0,NaN,NaN,NaN,0,0,0,0.0206252,0
edge,0.444444444444444,2,3,0,NaN,NaN,NaN,0,0,0,0.0168933,0
edge,0.444444444444444,2,4,0,NaN,NaN,NaN,0,0,0,0.0216327,0
edge,0.444444444444444,2,5,0,NaN,NaN,NaN,0,0,0,0.024631,0
edge,0.444444444444444,2,6,0,NaN,NaN,NaN,0,0,0,0.0307279,0
edge,0.444444444444444,2,7,0,NaN,NaN,NaN,0,0,0,0.0330135,0
edge,0.444444444444444,2,8,0,NaN,NaN,NaN,0,0,0,0.0356554,0
edge,0.444444444444444,2,9,0,NaN,NaN,NaN,0,0,0,0.0423745,0
edge,0.444444444444444,2,10,0,NaN,NaN,NaN,0,0,0,0.0504379,0
edge,0.444444444444444,3,3,0,NaN,NaN,NaN,0,0,0,0.0287298,0
edge,0.444444444444444,3,4,0,NaN,NaN,NaN,0,0,0,0.0331348,0
edge,0.444444444444444,3,5,0,NaN,NaN,NaN,0,0,0,0.0413925,0
edge,0.444444444444444,3,6,0,NaN,NaN,NaN,0,0,0,0.0541159,0
edge,0.444444444444444,3,7,0,NaN,NaN,NaN,0,0,0,0.0564836,0
edge,0.444444444444444,3,8,0,NaN,NaN,NaN,0,0,0,0.0575984,0
edge,0.444444444444444,3,9,0,NaN,NaN,NaN,0,0,0,0.0780081,0
edge,0.444444444444444,3,10,0,NaN,NaN,NaN,0,0,0,0.0761513,0
edge,0.444444444444444,4,3,0,NaN,NaN,NaN,0,0,0,0.0452342,0
edge,0.444444444444444,4,4,0,NaN,NaN,NaN,0,0,0,0.0563729,0
edge,0.444444444444444,4,5,0,NaN,NaN,NaN,0,0,0,0.0659128,0
edge,0.444444444444444,4,6,0,NaN,NaN,NaN,0,0,0,0.1262465,0
edge,0.444444444444444,4,7,0,NaN,NaN,NaN,0,0,0,0.1120584,0
edge,0.444444444444444,4,8,0,NaN,NaN,NaN,0,0,0,0.0979252,0
edge,0.444444444444444,4,9,0,NaN,NaN,NaN,0,0,0,0.1309378,0
edge,0.444444444444444,4,10,0,NaN,NaN,NaN,0,0,0,0.1167978,0
edge,0.888888888888889,1,3,0,NaN,NaN,NaN,0,0,0,0.0073772,0
edge,0.888888888888889,1,4,0,NaN,NaN,NaN,0,0,0,0.0106392,0
edge,0.888888888888889,1,5,0,NaN,NaN,NaN,0,0,0,0.0113019,0
edge,0.888888888888889,1,6,0,NaN,NaN,NaN,0,0,0,0.0120786,0
edge,0.888888888888889,1,7,0,NaN,NaN,NaN,0,0,0,0.0156253,0
edge,0.888888888888889,1,8,0,NaN,NaN,NaN,0,0,0,0.0148889,0
edge,0.888888888888889,1,9,0,NaN,NaN,NaN,0,0,0,0.022695,0
edge,0.888888888888889,1,10,0,NaN,NaN,NaN,0,0,0,0.0274821,0
edge,0.888888888888889,2,3,0,NaN,NaN,NaN,0,0,0,0.0173678,0
edge,0.888888888888889,2,4,0,NaN,NaN,NaN,0,0,0,0.0192127,0
edge,0.888888888888889,2,5,0,NaN,NaN,NaN,0,0,0,0.0226711,0
edge,0.888888888888889,2,6,0,NaN,NaN,NaN,0,0,0,0.0271038,0
edge,0.888888888888889,2,7,0,NaN,NaN,NaN,0,0,0,0.0319147,0
edge,0.888888888888889,2,8,0,NaN,NaN,NaN,0,0,0,0.0349152,0
edge,0.888888888888889,2,9,0,NaN,NaN,NaN,0,0,0,0.1954357,0
edge,0.888888888888889,2,10,0,NaN,NaN,NaN,0,0,0,0.1535541,0
edge,0.888888888888889,3,3,0,NaN,NaN,NaN,0,0,0,0.0567886,0
edge,0.888888888888889,3,4,0,NaN,NaN,NaN,0,0,0,0.041511,0
edge,0.888888888888889,3,5,0,NaN,NaN,NaN,0,0,0,0.0410644,0
edge,0.888888888888889,3,6,0,NaN,NaN,NaN,0,0,0,0.0636553,0
edge,0.888888888888889,3,7,0,NaN,NaN,NaN,0,0,0,0.0660725,0
edge,0.888888888888889,3,8,0,NaN,NaN,NaN,0,0,0,0.0822356,0
edge,0.888888888888889,3,9,0,NaN,NaN,NaN,0,0,0,0.0900834,0
edge,0.888888888888889,3,10,0,NaN,NaN,NaN,0,0,0,0.1338396,0
edge,0.888888888888889,4,3,0,NaN,NaN,NaN,0,0,0,0.0697786,0
edge,0.888888888888889,4,4,0,NaN,NaN,NaN,0,0,0,0.0648396,0
edge,0.888888888888889,4,5,0,NaN,NaN,NaN,0,0,0,0.0669954,0
edge,0.888888888888889,4,6,0,NaN,NaN,NaN,0,0,0,0.1271322,0
edge,0.888888888888889,4,7,0,NaN,NaN,NaN,0,0,0,0.1068316,0
edge,0.888888888888889,4,8,0,NaN,NaN,NaN,0,0,0,0.1781118,0
edge,0.888888888888889,4,9,0,NaN,NaN,NaN,0,0,0,0.1081772,0
edge,0.888888888888889,4,10,0,NaN,NaN,NaN,0,0,0,0.1433522,0
edge,1.33333333333333,1,3,0,NaN,NaN,NaN,0,0,0,0.0078716,0
edge,1.33333333333333,1,4,0,NaN,NaN,NaN,0,0,0,0.0104055,0
edge,1.33333333333333,1,5,0,NaN,NaN,NaN,0,0,0,0.0112262,0
edge,1.33333333333333,1,6,0,NaN,NaN,NaN,0,0,0,0.0132833,0
edge,1.33333333333333,1,7,0,NaN,NaN,NaN,0,0,0,0.0148248,0
edge,1.33333333333333,1,8,0,NaN,NaN,NaN,0,0,0,0.0163417,0
edge,1.33333333333333,1,9,0,NaN,NaN,NaN,0,0,0,0.0186951,0
edge,1.33333333333333,1,10,0,NaN,NaN,NaN,0,0,0,0.0243632,0
edge,1.33333333333333,2,3,0,NaN,NaN,NaN,0,0,0,0.0168278,0
edge,1.33333333333333,2,4,0,NaN,NaN,NaN,0,0,0,0.0218866,0
edge,1.33333333333333,2,5,0,NaN,NaN,NaN,0,0,0,0.0236724,0
edge,1.33333333333333,2,6,0,NaN,NaN,NaN,0,0,0,0.0260276,0
edge,1.33333333333333,2,7,0,NaN,NaN,NaN,0,0,0,0.0324449,0
edge,1.33333333333333,2,8,0,NaN,NaN,NaN,0,0,0,0.037053,0
edge,1.33333333333333,2,9,0,NaN,NaN,NaN,0,0,0,0.1093566,0
edge,1.33333333333333,2,10,0,NaN,NaN,NaN,0,0,0,0.0411323,0
edge,1.33333333333333,3,3,0,NaN,NaN,NaN,0,0,0,0.0278838,0
edge,1.33333333333333,3,4,0,NaN,NaN,NaN,0,0,0,0.0371784,0
edge,1.33333333333333,3,5,0,NaN,NaN,NaN,0,0,0,0.0392781,0
edge,1.33333333333333,3,6,0,NaN,NaN,NaN,0,0,0,0.0520527,0
edge,1.33333333333333,3,7,0,NaN,NaN,NaN,0,0,0,0.0595429,0
edge,1.33333333333333,3,8,0,NaN,NaN,NaN,0,0,0,0.0552092,0
edge,1.33333333333333,3,9,0,NaN,NaN,NaN,0,0,0,0.0970536,0
edge,1.33333333333333,3,10,0,NaN,NaN,NaN,0,0,0,0.0792702,0
edge,1.33333333333333,4,3,0,NaN,NaN,NaN,0,0,0,0.0486286,0
edge,1.33333333333333,4,4,0,NaN,NaN,NaN,0,0,0,0.0566047,0
edge,1.33333333333333,4,5,0,NaN,NaN,NaN,0,0,0,0.0680688,0
edge,1.33333333333333,4,6,0,NaN,NaN,NaN,0,0,0,0.0845201,0
edge,1.33333333333333,4,7,0,NaN,NaN,NaN,0,0,0,0.0991764,0
edge,1.33333333333333,4,8,0,NaN,NaN,NaN,0,0,0,0.1053863,0
edge,1.33333333333333,4,9,0,NaN,NaN,NaN,0,0,0,0.1019969,0
edge,1.33333333333333,4,10,0,NaN,NaN,NaN,0,0,0,0.1205095,0
edge,1.77777777777778,1,3,0,NaN,NaN,NaN,0,0,0,0.0124012,0
edge,1.77777777777778,1,4,0,NaN,NaN,NaN,0,0,0,0.0102579,0
edge,1.77777777777778,1,5,0,NaN,NaN,NaN,0,0,0,0.0106871,0
edge,1.77777777777778,1,6,0,NaN,NaN,NaN,0,0,0,0.0129514,0
edge,1.77777777777778,1,7,0,NaN,NaN,NaN,0,0,0,0.0150816,0
edge,1.77777777777778,1,8,0,NaN,NaN,NaN,0,0,0,0.0163073,0
edge,1.77777777777778,1,9,0,NaN,NaN,NaN,0,0,0,0.0167681,0
edge,1.77777777777778,1,10,0,NaN,NaN,NaN,0,0,0,0.0183943,0
edge,1.77777777777778,2,3,0,NaN,NaN,NaN,0,0,0,0.0154097,0
edge,1.77777777777778,2,4,0,NaN,NaN,NaN,0,0,0,0.0206576,0
edge,1.77777777777778,2,5,0,NaN,NaN,NaN,0,0,0,0.02235,0
edge,1.77777777777778,2,6,0,NaN,NaN,NaN,0,0,0,0.0268911,0
edge,1.77777777777778,2,7,0,NaN,NaN,NaN,0,0,0,0.034984,0
edge,1.77777777777778,2,8,0,NaN,NaN,NaN,0,0,0,0.0603571,0
edge,1.77777777777778,2,9,0,NaN,NaN,NaN,0,0,0,0.0779846,0
edge,1.77777777777778,2,10,0,NaN,NaN,NaN,0,0,0,0.0417188,0
edge,1.77777777777778,3,3,0,NaN,NaN,NaN,0,0,0,0.0259913,0
edge,1.77777777777778,3,4,0,NaN,NaN,NaN,0,0,0,0.0326494,0
edge,1.77777777777778,3,5,0,NaN,NaN,NaN,0,0,0,0.0422234,0
edge,1.77777777777778,3,6,0,NaN,NaN,NaN,0,0,0,0.0466663,0
edge,1.77777777777778,3,7,0,NaN,NaN,NaN,0,0,0,0.0500311,0
edge,1.77777777777778,3,8,0,NaN,NaN,NaN,0,0,0,0.0654669,0
edge,1.77777777777778,3,9,0,NaN,NaN,NaN,0,0,0,0.0715174,0
edge,1.77777777777778,3,10,0,NaN,NaN,NaN,0,0,0,0.121289,0
edge,1.77777777777778,4,3,0,NaN,NaN,NaN,0,0,0,0.099851,0
edge,1.77777777777778,4,4,0,NaN,NaN,NaN,0,0,0,0.114814,0
edge,1.77777777777778,4,5,0,NaN,NaN,NaN,0,0,0,0.1626005,0
edge,1.77777777777778,4,6,0,NaN,NaN,NaN,0,0,0,0.2196951,0
edge,1.77777777777778,4,7,0,NaN,NaN,NaN,0,0,0,0.2038984,0
edge,1.77777777777778,4,8,0,NaN,NaN,NaN,0,0,0,0.2440696,0
edge,1.77777777777778,4,9,0,NaN,NaN,NaN,0,0,0,0.2888867,0
edge,1.77777777777778,4,10,0,NaN,NaN,NaN,0,0,0,0.2499438,0
edge,2.22222222222222,1,3,0,NaN,NaN,NaN,0,0,0,0.0290936,0
edge,2.22222222222222,1,4,0,NaN,NaN,NaN,0,0,0,0.0408587,0
edge,2.22222222222222,1,5,0,NaN,NaN,NaN,0,0,0,0.0360696,0
edge,2.22222222222222,1,6,0,NaN,NaN,NaN,0,0,0,0.0400507,0
edge,2.22222222222222,1,7,0,NaN,NaN,NaN,0,0,0,0.0231667,0
edge,2.22222222222222,1,8,0,NaN,NaN,NaN,0,0,0,0.0313875,0
edge,2.22222222222222,1,9,0,NaN,NaN,NaN,0,0,0,0.0368139,0
edge,2.22222222222222,1,10,0,NaN,NaN,NaN,0,0,0,0.0416702,0
edge,2.22222222222222,2,3,0,NaN,NaN,NaN,0,0,0,0.03395,0
edge,2.22222222222222,2,4,0,NaN,NaN,NaN,0,0,0,0.0421648,0
edge,2.22222222222222,2,5,0,NaN,NaN,NaN,0,0,0,0.0484597,0
edge,2.22222222222222,2,6,0,NaN,NaN,NaN,0,0,0,0.0633658,0
edge,2.22222222222222,2,7,0,NaN,NaN,NaN,0,0,0,0.0723756,0
edge,2.22222222222222,2,8,0,NaN,NaN,NaN,0,0,0,0.0716603,0
edge,2.22222222222222,2,9,0,NaN,NaN,NaN,0,0,0,0.0887998,0
edge,2.22222222222222,2,10,0,NaN,NaN,NaN,0,0,0,0.0875104,0
edge,2.22222222222222,3,3,0,NaN,NaN,NaN,0,0,0,0.1162332,0
edge,2.22222222222222,3,4,0,NaN,NaN,NaN,0,0,0,0.1468979,0
edge,2.22222222222222,3,5,0,NaN,NaN,NaN,0,0,0,0.2172448,0
edge,2.22222222222222,3,6,0,NaN,NaN,NaN,0,0,0,0.1132717,0
edge,2.22222222222222,3,7,0,NaN,NaN,NaN,0,0,0,0.0907729,0
edge,2.22222222222222,3,8,0,NaN,NaN,NaN,0,0,0,0.1067066,0
edge,2.22222222222222,3,9,0,NaN,NaN,NaN,0,0,0,0.1480206,0
edge,2.22222222222222,3,10,0,NaN,NaN,NaN,0,0,0,0.1382188,0
edge,2.22222222222222,4,3,0,NaN,NaN,NaN,0,0,0,0.0840826,0
edge,2.22222222222222,4,4,0,NaN,NaN,NaN,0,0,0,0.0964045,0
edge,2.22222222222222,4,5,0,NaN,NaN,NaN,0,0,0,0.2115865,0
edge,2.22222222222222,4,6,0,NaN,NaN,NaN,0,0,0,0.2042925,0
edge,2.22222222222222,4,7,0,NaN,NaN,NaN,0,0,0,0.178261,0
edge,2.22222222222222,4,8,0,NaN,NaN,NaN,0,0,0,0.1884414,0
edge,2.22222222222222,4,9,0,NaN,NaN,NaN,0,0,0,0.2161102,0
edge,2.22222222222222,4,10,0,NaN,NaN,NaN,0,0,0,0.2507454,0
edge,2.66666666666667,1,3,0,NaN,NaN,NaN,0,0,0,0.0204382,0
edge,2.66666666666667,1,4,0,NaN,NaN,NaN,0,0,0,0.0164862,0
edge,2.66666666666667,1,5,0,NaN,NaN,NaN,0,0,0,0.0190705,0
edge,2.66666666666667,1,6,0,NaN,NaN,NaN,0,0,0,0.0335328,0
edge,2.66666666666667,1,7,0,NaN,NaN,NaN,0,0,0,0.0550922,0
edge,2.66666666666667,1,8,0,NaN,NaN,NaN,0,0,0,0.0376864,0
edge,2.66666666666667,1,9,0,NaN,NaN,NaN,0,0,0,0.0482288,0
edge,2.66666666666667,1,10,0,NaN,NaN,NaN,0,0,0,0.0396589,0
edge,2.66666666666667,2,3,0,NaN,NaN,NaN,0,0,0,0.0903393,0
edge,2.66666666666667,2,4,0,NaN,NaN,NaN,0,0,0,0.0579309,0
edge,2.66666666666667,2,5,0,NaN,NaN,NaN,0,0,0,0.0360594,0
edge,2.66666666666667,2,6,0,NaN,NaN,NaN,0,0,0,0.0413562,0
edge,2.66666666666667,2,7,0,NaN,NaN,NaN,0,0,0,0.1540747,0
edge,2.66666666666667,2,8,0,NaN,NaN,NaN,0,0,0,0.0699274,0
edge,2.66666666666667,2,9,0,NaN,NaN,NaN,0,0,0,0.0661654,0
edge,2.66666666666667,2,10,0,NaN,NaN,NaN,0,0,0,0.0959389,0
edge,2.66666666666667,3,3,0,NaN,NaN,NaN,0,0,0,0.0805159,0
edge,2.66666666666667,3,4,0,NaN,NaN,NaN,0,0,0,0.0629663,0
edge,2.66666666666667,3,5,0,NaN,NaN,NaN,0,0,0,0.0820983,0
edge,2.66666666666667,3,6,0,NaN,NaN,NaN,0,0,0,0.126473,0
edge,2.66666666666667,3,7,0,NaN,NaN,NaN,0,0,0,0.1318765,0
edge,2.66666666666667,3,8,0,NaN,NaN,NaN,0,0,0,0.084008,0
edge,2.66666666666667,3,9,0,NaN,NaN,NaN,0,0,0,0.0920129,0
edge,2.66666666666667,3,10,0,NaN,NaN,NaN,0,0,0,0.1439011,0
edge,2.66666666666667,4,3,0,NaN,NaN,NaN,0,0,0,0.0769133,0
edge,2.66666666666667,4,4,0,NaN,NaN,NaN,0,0,0,0.1882023,0
edge,2.66666666666667,4,5,0,NaN,NaN,NaN,0,0,0,0.2530386,0
edge,2.66666666666667,4,6,0,NaN,NaN,NaN,0,0,0,0.3956545,0
edge,2.66666666666667,4,7,0,NaN,NaN,NaN,0,0,0,0.2163311,0
edge,2.66666666666667,4,8,0,NaN,NaN,NaN,0,0,0,0.213994,0
edge,2.66666666666667,4,9,0,NaN,NaN,NaN,0,0,0,0.1822639,0
edge,2.66666666666667,4,10,0,NaN,NaN,NaN,0,0,0,0.2504606,0
edge,3.11111111111111,1,3,0,NaN,NaN,NaN,0,0,0,0.0115202,0
edge,3.11111111111111,1,4,0,NaN,NaN,NaN,0,0,0,0.0200173,0
edge,3.11111111111111,1,5,0,NaN,NaN,NaN,0,0,0,0.0177011,0
edge,3.11111111111111,1,6,0,NaN,NaN,NaN,0,0,0,0.0251008,0
edge,3.11111111111111,1,7,0,NaN,NaN,NaN,0,0,0,0.0416073,0
edge,3.11111111111111,1,8,0,NaN,NaN,NaN,0,0,0,0.0429283,0
edge,3.11111111111111,1,9,0,NaN,NaN,NaN,0,0,0,0.0568368,0
edge,3.11111111111111,1,10,0,NaN,NaN,NaN,0,0,0,0.0529429,0
edge,3.11111111111111,2,3,0,NaN,NaN,NaN,0,0,0,0.0456428,0
edge,3.11111111111111,2,4,0,NaN,NaN,NaN,0,0,0,0.0296639,0
edge,3.11111111111111,2,5,0,NaN,NaN,NaN,0,0,0,0.0442257,0
edge,3.11111111111111,2,6,0,NaN,NaN,NaN,0,0,0,0.0405653,0
edge,3.11111111111111,2,7,0,NaN,NaN,NaN,0,0,0,0.0508487,0
edge,3.11111111111111,2,8,0,NaN,NaN,NaN,0,0,0,0.060034,0
edge,3.11111111111111,2,9,0,NaN,NaN,NaN,0,0,0,0.0784543,0
edge,3.11111111111111,2,10,0,NaN,NaN,NaN,0,0,0,0.0684638,0
edge,3.11111111111111,3,3,0,NaN,NaN,NaN,0,0,0,0.0612332,0
edge,3.11111111111111,3,4,0,NaN,NaN,NaN,0,0,0,0.0658747,0
edge,3.11111111111111,3,5,0,NaN,NaN,NaN,0,0,0,0.0874526,0
edge,3.11111111111111,3,6,0,NaN,NaN,NaN,0,0,0,0.1132763,0
edge,3.11111111111111,3,7,0,NaN,NaN,NaN,0,0,0,0.0875107,0
edge,3.11111111111111,3,8,0,NaN,NaN,NaN,0,0,0,0.0995019,0
edge,3.11111111111111,3,9,0,NaN,NaN,NaN,0,0,0,0.2119547,0
edge,3.11111111111111,3,10,0,NaN,NaN,NaN,0,0,0,0.1328159,0
edge,3.11111111111111,4,3,0,NaN,NaN,NaN,0,0,0,0.0957831,0
edge,3.11111111111111,4,4,0,NaN,NaN,NaN,0,0,0,0.1385233,0
edge,3.11111111111111,4,5,0,NaN,NaN,NaN,0,0,0,0.1269361,0
edge,3.11111111111111,4,6,0,NaN,NaN,NaN,0,0,0,0.1654521,0
edge,3.11111111111111,4,7,0,NaN,NaN,NaN,0,0,0,0.1886446,0
edge,3.11111111111111,4,8,0,NaN,NaN,NaN,0,0,0,0.281227,0
edge,3.11111111111111,4,9,0,NaN,NaN,NaN,0,0,0,0.1856066,0
edge,3.11111111111111,4,10,0,NaN,NaN,NaN,0,0,0,0.3095677,0
edge,3.55555555555556,1,3,0,NaN,NaN,NaN,0,0,0,0.0166836,0
edge,3.55555555555556,1,4,0,NaN,NaN,NaN,0,0,0,0.018923,0
edge,3.55555555555556,1,5,0,NaN,NaN,NaN,0,0,0,0.022253,0
edge,3.55555555555556,1,6,0,NaN,NaN,NaN,0,0,0,0.0743414,0
edge,3.55555555555556,1,7,0,NaN,NaN,NaN,0,0,0,0.0272835,0
edge,3.55555555555556,1,8,0,NaN,NaN,NaN,0,0,0,0.0323033,0
edge,3.55555555555556,1,9,0,NaN,NaN,NaN,0,0,0,0.0476475,0
edge,3.55555555555556,1,10,0,NaN,NaN,NaN,0,0,0,0.0302752,0
edge,3.55555555555556,2,3,0,NaN,NaN,NaN,0,0,0,0.0340456,0
edge,3.55555555555556,2,4,0,NaN,NaN,NaN,0,0,0,0.0424736,0
edge,3.55555555555556,2,5,0,NaN,NaN,NaN,0,0,0,0.047295,0
edge,3.55555555555556,2,6,0,NaN,NaN,NaN,0,0,0,0.0484786,0
edge,3.55555555555556,2,7,0,NaN,NaN,NaN,0,0,0,0.0999169,0
edge,3.55555555555556,2,8,0,NaN,NaN,NaN,0,0,0,0.0852586,0
edge,3.55555555555556,2,9,0,NaN,NaN,NaN,0,0,0,0.0576441,0
edge,3.55555555555556,2,10,0,NaN,NaN,NaN,0,0,0,0.0785909,0
edge,3.55555555555556,3,3,0,NaN,NaN,NaN,0,0,0,0.0588277,0
edge,3.55555555555556,3,4,0,NaN,NaN,NaN,0,0,0,0.0812752,0
edge,3.55555555555556,3,5,0,NaN,NaN,NaN,0,0,0,0.0826077,0
edge,3.55555555555556,3,6,0,NaN,NaN,NaN,0,0,0,0.0874448,0
edge,3.55555555555556,3,7,0,NaN,NaN,NaN,0,0,0,0.108283,0
edge,3.55555555555556,3,8,0,NaN,NaN,NaN,0,0,0,0.1132838,0
edge,3.55555555555556,3,9,0,NaN,NaN,NaN,0,0,0,0.1389457,0
edge,3.55555555555556,3,10,0,NaN,NaN,NaN,0,0,0,0.1653753,0
edge,3.55555555555556,4,3,0,NaN,NaN,NaN,0,0,0,0.1643813,0
edge,3.55555555555556,4,4,0,NaN,NaN,NaN,0,0,0,0.1078404,0
edge,3.55555555555556,4,5,0,NaN,NaN,NaN,0,0,0,0.1656504,0
edge,3.55555555555556,4,6,0,NaN,NaN,NaN,0,0,0,0.1725216,0
edge,3.55555555555556,4,7,0,NaN,NaN,NaN,0,0,0,0.1368894,0
edge,3.55555555555556,4,8,0,NaN,NaN,NaN,0,0,0,0.1644208,0
edge,3.55555555555556,4,9,0,NaN,NaN,NaN,0,0,0,0.1943485,0
edge,3.55555555555556,4,10,0,NaN,NaN,NaN,0,0,0,0.2746069,0
edge,4,1,3,0,NaN,NaN,NaN,0,0,0,0.01631,0
edge,4,1,4,0,NaN,NaN,NaN,0,0,0,0.0169713,0
edge,4,1,5,0,NaN,NaN,NaN,0,0,0,0.0214039,0
edge,4,1,6,0,NaN,NaN,NaN,0,0,0,0.0206549,0
edge,4,1,7,0,NaN,NaN,NaN,0,0,0,0.0327088,0
edge,4,1,8,0,NaN,NaN,NaN,0,0,0,0.0373453,0
edge,4,1,9,0,NaN,NaN,NaN,0,0,0,0.042726,0
edge,4,1,10,0,NaN,NaN,NaN,0,0,0,0.0389796,0
edge,4,2,3,0,NaN,NaN,NaN,0,0,0,0.0362732,0
edge,4,2,4,0,NaN,NaN,NaN,0,0,0,0.0414931,0
edge,4,2,5,0,NaN,NaN,NaN,0,0,0,0.0463098,0
edge,4,2,6,0,NaN,NaN,NaN,0,0,0,0.056455,0
edge,4,2,7,0,NaN,NaN,NaN,0,0,0,0.0583326,0
edge,4,2,8,0,NaN,NaN,NaN,0,0,0,0.0835024,0
edge,4,2,9,0,NaN,NaN,NaN,0,0,0,0.0826339,0
edge,4,2,10,0,NaN,NaN,NaN,0,0,0,0.0712766,0
edge,4,3,3,0,NaN,NaN,NaN,0,0,0,0.0567413,0
edge,4,3,4,0,NaN,NaN,NaN,0,0,0,0.0770451,0
edge,4,3,5,0,NaN,NaN,NaN,0,0,0,0.1045345,0
edge,4,3,6,0,NaN,NaN,NaN,0,0,0,0.0919167,0
edge,4,3,7,0,NaN,NaN,NaN,0,0,0,0.1305882,0
edge,4,3,8,0,NaN,NaN,NaN,0,0,0,0.165157,0
edge,4,3,9,0,NaN,NaN,NaN,0,0,0,0.1672657,0
edge,4,3,10,0,NaN,NaN,NaN,0,0,0,0.113481,0
edge,4,4,3,0,NaN,NaN,NaN,0,0,0,0.0924828,0
edge,4,4,4,0,NaN,NaN,NaN,0,0,0,0.1120096,0
edge,4,4,5,0,NaN,NaN,NaN,0,0,0,0.1357806,0
edge,4,4,6,0,NaN,NaN,NaN,0,0,0,0.1813878,0
edge,4,4,7,0,NaN,NaN,NaN,0,0,0,0.1744868,0
edge,4,4,8,0,NaN,NaN,NaN,0,0,0,0.1781227,0
edge,4,4,9,0,NaN,NaN,NaN,0,0,0,0.2426969,0
edge,4,4,10,0,NaN,NaN,NaN,0,0,0,0.2376527,0
region,0.0001,3,4,734,0.00067895749816671,2504.00390625,3388.45947265625,0.000339230027748272,1545.18981933594,42.5567893981934,0.3073347,1
