paramCombinations_1,paramCombinations_2,paramCombinations_3,numDetectedFeatures,meanScore,varianceLocation_m,varianceLocation_n,meanScoreTop,varianceLocationTop_m,varianceLocationTop_n,computationTime,is_default
0.001,1,0,4433,43.2214851379395,3105.77392578125,4829.74755859375,7.44839334487915,1790.39001464844,0.0794122219085693,0.4025446,0
0.001,1,0.111111111111111,1222,116.511581420898,2744.20166015625,3883.76171875,53.2151489257813,814.879150390625,12.8923063278198,0.2348433,0
0.001,1,0.222222222222222,509,212.820236206055,3077.54028320313,4594.06494140625,88.4883041381836,662.39111328125,108.111457824707,0.2032631,0
0.001,1,0.333333333333333,424,239.246444702148,3123.97290039063,4752.81640625,178.218902587891,2800.083984375,2624.07080078125,0.2304862,0
0.001,1,0.444444444444444,400,246.128982543945,3105.77880859375,4735.28955078125,249.81396484375,2929.2158203125,22.3934936523438,0.2939634,0
0.001,1,0.555555555555556,375,252.912872314453,3187.81689453125,4785.2734375,251.883331298828,2943.58642578125,25.7861843109131,0.1950349,0
0.001,1,0.666666666666667,277,272.231872558594,3275.81079101563,4656.646484375,274.333343505859,3864.42797851563,54.1124992370605,0.2147505,0
0.001,1,0.777777777777778,277,272.231872558594,3275.81079101563,4656.646484375,274.333343505859,3864.42797851563,54.1124992370605,0.1925145,0
0.001,1,0.888888888888889,89,310.483154296875,2866.705078125,4690.9482421875,310.799987792969,3036.45776367188,261.917755126953,0.2004926,0
0.001,1,1,1,311.666656494141,4324.5,4324.5,0,0,0,0.210897,0
0.001,2,0,5272,24.5735645294189,3104.23681640625,4823.0859375,7.44839334487915,1790.39001464844,0.0794122219085693,0.2053333,0
0.001,2,0.111111111111111,964,68.5375137329102,2537.40649414063,3018.4169921875,53.2151489257813,814.879150390625,12.8923063278198,0.2109013,0
0.001,2,0.222222222222222,200,153.833358764648,2747.51831054688,3759.82470703125,88.4883041381836,662.39111328125,108.111457824707,0.2060869,0
0.001,2,0.333333333333333,100,226.106750488281,2747.83374023438,4571.26318359375,173.302886962891,3962.33227539063,2380.41870117188,0.2081086,0
0.001,2,0.444444444444444,84,246.940292358398,2647.52001953125,4687.0927734375,254.613357543945,3643.20239257813,315.559417724609,0.2357497,0
0.001,2,0.555555555555556,76,258.030700683594,2748.1689453125,4885.47021484375,259.805603027344,3647.27392578125,388.989501953125,0.2133892,0
0.001,2,0.666666666666667,61,272.826934814453,2665.3623046875,4648.44580078125,274.061157226563,3232.89477539063,645.98681640625,0.2107757,0
0.001,2,0.777777777777778,59,274.928436279297,2686.060546875,4774.49267578125,274.061157226563,3232.89477539063,645.98681640625,0.2169046,0
0.001,2,0.888888888888889,22,310.186920166016,3332.82446289063,4752.544921875,310.094482421875,3440.462890625,4421.36865234375,0.2283757,0
0.001,2,1,4,311.555541992188,3255,5148,0,0,0,0.2359682,0
0.001,3,0,5455,21.3707695007324,3103.70874023438,4819.87255859375,7.44839334487915,1790.39001464844,0.0794122219085693,0.2127405,0
0.001,3,0.111111111111111,912,54.7422561645508,2518.58764648438,2792.72216796875,53.2151489257813,814.879150390625,12.8923063278198,0.2087136,0
0.001,3,0.222222222222222,134,108.061950683594,2704.1279296875,2492.443359375,88.4883041381836,662.39111328125,108.111457824707,0.2087028,0
0.001,3,0.333333333333333,30,198.264892578125,2455.35107421875,3129.14111328125,170.308471679688,2711.88745117188,1770.4140625,0.2164889,0
0.001,3,0.444444444444444,18,257.166656494141,1916.70568847656,3796.82348632813,0,0,0,0.2287544,0
0.001,3,0.555555555555556,18,257.166656494141,1916.70568847656,3796.82348632813,0,0,0,0.2063337,0
0.001,3,0.666666666666667,13,279.598297119141,2187.6923828125,3488.76928710938,0,0,0,0.2059003,0
0.001,3,0.777777777777778,13,279.598297119141,2187.6923828125,3488.76928710938,0,0,0,0.2119403,0
0.001,3,0.888888888888889,6,308.888885498047,1752,4737.60009765625,0,0,0,0.2342425,0
0.001,3,1,1,311.222229003906,19602,19602,0,0,0,0.2694618,0
0.001,4,0,5489,20.6316146850586,3096.35791015625,4814.6103515625,7.44839334487915,1790.39001464844,0.0794122219085693,0.2118988,0
0.001,4,0.111111111111111,1340,44.6252479553223,2432.0400390625,2829.45556640625,44.751579284668,872.371826171875,12.2426452636719,0.2084732,0
0.001,4,0.222222222222222,229,75.3281784057617,2931.740234375,2489.65893554688,75.9555053710938,484.692993164063,60.92822265625,0.2150704,0
0.001,4,0.333333333333333,48,103.182746887207,2546.33666992188,2738.18798828125,99.8232421875,2658.35571289063,864.692321777344,0.2310443,0
0.001,4,0.444444444444444,4,175.044097900391,430.395141601563,3284.90698242188,0,0,0,0.2091731,0
0.001,4,0.555555555555556,2,228.055557250977,72,4608,0,0,0,0.2151164,0
0.001,4,0.666666666666667,2,228.055557250977,72,4608,0,0,0,0.2394977,0
0.001,4,0.777777777777778,2,228.055557250977,72,4608,0,0,0,0.2066277,0
0.001,4,0.888888888888889,1,255.888885498047,1800,1800,0,0,0,0.2298907,0
0.001,4,1,1,255.888885498047,1800,1800,0,0,0,0.2063535,0
0.111111111111111,1,0,1029,43.7240295410156,2469.80834960938,2874.95629882813,45.3802757263184,866.673034667969,11.0183925628662,0.173289,0
0.111111111111111,1,0.111111111111111,1029,43.7240295410156,2469.80834960938,2874.95629882813,45.3802757263184,866.673034667969,11.0183925628662,0.1811845,0
0.111111111111111,1,0.222222222222222,927,45.9442749023438,2436.29858398438,2902.66088867188,45.3802757263184,866.673034667969,11.0183925628662,0.1702425,0
0.111111111111111,1,0.333333333333333,420,59.184383392334,2556.15966796875,2527.4541015625,57.626091003418,733.92333984375,7.49506187438965,0.1763386,0
0.111111111111111,1,0.444444444444444,182,73.2617034912109,3002.2783203125,2451.86889648438,75.9555053710938,484.692993164063,60.92822265625,0.1997277,0
0.111111111111111,1,0.555555555555556,81,86.9451293945313,2689.43505859375,2252.68896484375,89.2000732421875,796.125183105469,118.66877746582,0.1733869,0
0.111111111111111,1,0.666666666666667,35,99.0601501464844,2916.810546875,2683.49951171875,99.8232421875,2658.35571289063,864.692321777344,0.170398,0
0.111111111111111,1,0.777777777777778,15,108.111801147461,2911.26538085938,2005.02917480469,0,0,0,0.1756501,0
0.111111111111111,1,0.888888888888889,2,122.032638549805,632.611938476563,226.778930664063,0,0,0,0.1742099,0
0.111111111111111,1,1,1,127.719024658203,5565.57568359375,5565.57568359375,0,0,0,0.171543,0
0.111111111111111,2,0,1146,45.060230255127,2472.04443359375,2882.97729492188,45.3802757263184,866.673034667969,11.0183925628662,0.1946135,0
0.111111111111111,2,0.111111111111111,1145,45.0900726318359,2473.09814453125,2881.45971679688,45.3802757263184,866.673034667969,11.0183925628662,0.1705533,0
0.111111111111111,2,0.222222222222222,1110,45.7215347290039,2483.6220703125,2879.15454101563,45.3802757263184,866.673034667969,11.0183925628662,0.1784635,0
0.111111111111111,2,0.333333333333333,491,59.3388900756836,2589.46459960938,2593.2763671875,57.626091003418,733.92333984375,7.49506187438965,0.174398,0
0.111111111111111,2,0.444444444444444,215,73.3691253662109,3002.45556640625,2493.81640625,75.9555053710938,484.692993164063,60.92822265625,0.293193,0
0.111111111111111,2,0.555555555555556,99,86.0583953857422,2784.69580078125,2400.51953125,89.2000732421875,796.125183105469,118.66877746582,0.20075,0
0.111111111111111,2,0.666666666666667,41,98.396598815918,2731.39770507813,2737.27734375,99.8232421875,2658.35571289063,864.692321777344,0.1721292,0
0.111111111111111,2,0.777777777777778,18,107.203956604004,2763.57934570313,1850.48718261719,0,0,0,0.181342,0
0.111111111111111,2,0.888888888888889,2,122.032638549805,632.611938476563,226.778930664063,0,0,0,0.1756093,0
0.111111111111111,2,1,1,127.719024658203,5565.57568359375,5565.57568359375,0,0,0,0.1883502,0
0.111111111111111,3,0,1168,45.6016731262207,2466.16870117188,2891.10864257813,45.3802757263184,866.673034667969,11.0183925628662,0.1743906,0
0.111111111111111,3,0.111111111111111,1168,45.6016731262207,2466.16870117188,2891.10864257813,45.3802757263184,866.673034667969,11.0183925628662,0.2116877,0
0.111111111111111,3,0.222222222222222,1148,45.9116859436035,2467.63818359375,2886.75146484375,45.3802757263184,866.673034667969,11.0183925628662,0.1709161,0
0.111111111111111,3,0.333333333333333,511,59.5403518676758,2578.60791015625,2581.39184570313,57.626091003418,733.92333984375,7.49506187438965,0.1843402,0
0.111111111111111,3,0.444444444444444,224,73.8325729370117,2981.97900390625,2503.45336914063,75.9555053710938,484.692993164063,60.92822265625,0.1812274,0
0.111111111111111,3,0.555555555555556,108,86.0259704589844,2767.75439453125,2386.00927734375,89.2000732421875,796.125183105469,118.66877746582,0.1665113,0
0.111111111111111,3,0.666666666666667,46,97.5710372924805,2698.48950195313,2713.90356445313,99.8232421875,2658.35571289063,864.692321777344,0.1841651,0
0.111111111111111,3,0.777777777777778,19,106.894981384277,2910.89184570313,1748.19372558594,0,0,0,0.2009585,0
0.111111111111111,3,0.888888888888889,2,122.032638549805,632.611938476563,226.778930664063,0,0,0,0.1812662,0
0.111111111111111,3,1,1,127.719024658203,5565.57568359375,5565.57568359375,0,0,0,0.1712064,0
0.111111111111111,4,0,1176,45.7023582458496,2465.193359375,2888.15991210938,45.3802757263184,866.673034667969,11.0183925628662,0.1754207,0
0.111111111111111,4,0.111111111111111,1176,45.7023582458496,2465.193359375,2888.15991210938,45.3802757263184,866.673034667969,11.0183925628662,0.1719512,0
0.111111111111111,4,0.222222222222222,1155,46.0302658081055,2468.5546875,2881.2744140625,45.3802757263184,866.673034667969,11.0183925628662,0.1752627,0
0.111111111111111,4,0.333333333333333,517,59.6531410217285,2584.23022460938,2573.55126953125,57.626091003418,733.92333984375,7.49506187438965,0.1860861,0
0.111111111111111,4,0.444444444444444,228,73.9073791503906,2970.78149414063,2491.21313476563,75.9555053710938,484.692993164063,60.92822265625,0.1755859,0
0.111111111111111,4,0.555555555555556,111,85.9529342651367,2754.94311523438,2367.89013671875,89.2000732421875,796.125183105469,118.66877746582,0.1830113,0
0.111111111111111,4,0.666666666666667,47,97.4859161376953,2674.75927734375,2718.0771484375,99.8232421875,2658.35571289063,864.692321777344,0.1697022,0
0.111111111111111,4,0.777777777777778,19,106.894981384277,2910.89184570313,1748.19372558594,0,0,0,0.1796201,0
0.111111111111111,4,0.888888888888889,2,122.032638549805,632.611938476563,226.778930664063,0,0,0,0.1729518,0
0.111111111111111,4,1,1,127.719024658203,5565.57568359375,5565.57568359375,0,0,0,0.2049332,0
0.222222222222222,1,0,164,73.0053253173828,3088.89575195313,2357.27270507813,78.0967559814453,485.020599365234,68.5901184082031,0.1685464,0
0.222222222222222,1,0.111111111111111,164,73.0053253173828,3088.89575195313,2357.27270507813,78.0967559814453,485.020599365234,68.5901184082031,0.1823647,0
0.222222222222222,1,0.222222222222222,164,73.0053253173828,3088.89575195313,2357.27270507813,78.0967559814453,485.020599365234,68.5901184082031,0.1640995,0
0.222222222222222,1,0.333333333333333,158,74.3418197631836,3193.4599609375,2208.21801757813,78.0967559814453,485.020599365234,68.5901184082031,0.1794257,0
0.222222222222222,1,0.444444444444444,150,75.6137084960938,3119.92797851563,2216.43383789063,78.0967559814453,485.020599365234,68.5901184082031,0.1646599,0
0.222222222222222,1,0.555555555555556,77,87.5656585693359,2811.42895507813,2286.41625976563,89.2000732421875,796.125183105469,118.66877746582,0.1896706,0
0.222222222222222,1,0.666666666666667,35,99.0601501464844,2916.810546875,2683.49951171875,99.8232421875,2658.35571289063,864.692321777344,0.1664831,0
0.222222222222222,1,0.777777777777778,15,108.111801147461,2911.26538085938,2005.02917480469,0,0,0,0.1647086,0
0.222222222222222,1,0.888888888888889,2,122.032638549805,632.611938476563,226.778930664063,0,0,0,0.1772435,0
0.222222222222222,1,1,1,127.719024658203,5565.57568359375,5565.57568359375,0,0,0,0.1728757,0
0.222222222222222,2,0,183,74.9532775878906,3044.65380859375,2302.13134765625,78.0967559814453,485.020599365234,68.5901184082031,0.1737933,0
0.222222222222222,2,0.111111111111111,183,74.9532775878906,3044.65380859375,2302.13134765625,78.0967559814453,485.020599365234,68.5901184082031,0.1920494,0
0.222222222222222,2,0.222222222222222,183,74.9532775878906,3044.65380859375,2302.13134765625,78.0967559814453,485.020599365234,68.5901184082031,0.1936758,0
0.222222222222222,2,0.333333333333333,182,75.1479415893555,3055.97436523438,2298.33032226563,78.0967559814453,485.020599365234,68.5901184082031,0.1725327,0
0.222222222222222,2,0.444444444444444,180,75.4310684204102,3048.91088867188,2300.66918945313,78.0967559814453,485.020599365234,68.5901184082031,0.1685489,0
0.222222222222222,2,0.555555555555556,93,86.7921524047852,2831.33251953125,2450.26489257813,89.2000732421875,796.125183105469,118.66877746582,0.1642267,0
0.222222222222222,2,0.666666666666667,41,98.396598815918,2731.39770507813,2737.27734375,99.8232421875,2658.35571289063,864.692321777344,0.1900296,0
0.222222222222222,2,0.777777777777778,18,107.203956604004,2763.57934570313,1850.48718261719,0,0,0,0.1911243,0
0.222222222222222,2,0.888888888888889,2,122.032638549805,632.611938476563,226.778930664063,0,0,0,0.1666331,0
0.222222222222222,2,1,1,127.719024658203,5565.57568359375,5565.57568359375,0,0,0,0.1744312,0
0.222222222222222,3,0,188,75.9773864746094,2996.38256835938,2301.83447265625,78.0967559814453,485.020599365234,68.5901184082031,0.1662605,0
0.222222222222222,3,0.111111111111111,188,75.9773864746094,2996.38256835938,2301.83447265625,78.0967559814453,485.020599365234,68.5901184082031,0.1657811,0
0.222222222222222,3,0.222222222222222,188,75.9773864746094,2996.38256835938,2301.83447265625,78.0967559814453,485.020599365234,68.5901184082031,0.1669709,0
0.222222222222222,3,0.333333333333333,188,75.9773864746094,2996.38256835938,2301.83447265625,78.0967559814453,485.020599365234,68.5901184082031,0.1920681,0
0.222222222222222,3,0.444444444444444,188,75.9773864746094,2996.38256835938,2301.83447265625,78.0967559814453,485.020599365234,68.5901184082031,0.1628031,0
0.222222222222222,3,0.555555555555556,102,86.6930694580078,2788.6611328125,2413.43139648438,89.2000732421875,796.125183105469,118.66877746582,0.1680322,0
0.222222222222222,3,0.666666666666667,46,97.5710372924805,2698.48950195313,2713.90356445313,99.8232421875,2658.35571289063,864.692321777344,0.1653229,0
0.222222222222222,3,0.777777777777778,19,106.894981384277,2910.89184570313,1748.19372558594,0,0,0,0.1660147,0
0.222222222222222,3,0.888888888888889,2,122.032638549805,632.611938476563,226.778930664063,0,0,0,0.1672218,0
0.222222222222222,3,1,1,127.719024658203,5565.57568359375,5565.57568359375,0,0,0,0.1878117,0
0.222222222222222,4,0,192,76.0215225219727,2982.36791992188,2286.49584960938,78.0967559814453,485.020599365234,68.5901184082031,0.179525,0
0.222222222222222,4,0.111111111111111,192,76.0215225219727,2982.36791992188,2286.49584960938,78.0967559814453,485.020599365234,68.5901184082031,0.1723627,0
0.222222222222222,4,0.222222222222222,192,76.0215225219727,2982.36791992188,2286.49584960938,78.0967559814453,485.020599365234,68.5901184082031,0.1668624,0
0.222222222222222,4,0.333333333333333,192,76.0215225219727,2982.36791992188,2286.49584960938,78.0967559814453,485.020599365234,68.5901184082031,0.1742373,0
0.222222222222222,4,0.444444444444444,192,76.0215225219727,2982.36791992188,2286.49584960938,78.0967559814453,485.020599365234,68.5901184082031,0.1656821,0
0.222222222222222,4,0.555555555555556,105,86.596809387207,2768.50830078125,2389.12255859375,89.2000732421875,796.125183105469,118.66877746582,0.1786383,0
0.222222222222222,4,0.666666666666667,47,97.4859161376953,2674.75927734375,2718.0771484375,99.8232421875,2658.35571289063,864.692321777344,0.1818259,0
0.222222222222222,4,0.777777777777778,19,106.894981384277,2910.89184570313,1748.19372558594,0,0,0,0.16683,0
0.222222222222222,4,0.888888888888889,2,122.032638549805,632.611938476563,226.778930664063,0,0,0,0.1746139,0
0.222222222222222,4,1,1,127.719024658203,5565.57568359375,5565.57568359375,0,0,0,0.1888171,0
0.333333333333333,1,0,34,98.5288238525391,2860.27368164063,2734.77514648438,102.674209594727,2557.93505859375,1250.80261230469,0.1792543,0
0.333333333333333,1,0.111111111111111,34,98.5288238525391,2860.27368164063,2734.77514648438,102.674209594727,2557.93505859375,1250.80261230469,0.1810327,0
0.333333333333333,1,0.222222222222222,34,98.5288238525391,2860.27368164063,2734.77514648438,102.674209594727,2557.93505859375,1250.80261230469,0.1815569,0
0.333333333333333,1,0.333333333333333,34,98.5288238525391,2860.27368164063,2734.77514648438,102.674209594727,2557.93505859375,1250.80261230469,0.175204,0
0.333333333333333,1,0.444444444444444,34,98.5288238525391,2860.27368164063,2734.77514648438,102.674209594727,2557.93505859375,1250.80261230469,0.1724818,0
0.333333333333333,1,0.555555555555556,33,99.4619598388672,2875.16845703125,2628.693359375,102.674209594727,2557.93505859375,1250.80261230469,0.1624912,0
0.333333333333333,1,0.666666666666667,32,100.119956970215,2829.80224609375,2712.16040039063,102.674209594727,2557.93505859375,1250.80261230469,0.1705588,0
0.333333333333333,1,0.777777777777778,15,108.111801147461,2911.26538085938,2005.02917480469,0,0,0,0.1965073,0
0.333333333333333,1,0.888888888888889,2,122.032638549805,632.611938476563,226.778930664063,0,0,0,0.1950857,0
0.333333333333333,1,1,1,127.719024658203,5565.57568359375,5565.57568359375,0,0,0,0.1660037,0
0.333333333333333,2,0,37,98.7575454711914,2725.04711914063,2784.8974609375,102.674209594727,2557.93505859375,1250.80261230469,0.1636537,0
0.333333333333333,2,0.111111111111111,37,98.7575454711914,2725.04711914063,2784.8974609375,102.674209594727,2557.93505859375,1250.80261230469,0.1714195,0
0.333333333333333,2,0.222222222222222,37,98.7575454711914,2725.04711914063,2784.8974609375,102.674209594727,2557.93505859375,1250.80261230469,0.1714653,0
0.333333333333333,2,0.333333333333333,37,98.7575454711914,2725.04711914063,2784.8974609375,102.674209594727,2557.93505859375,1250.80261230469,0.1685926,0
0.333333333333333,2,0.444444444444444,37,98.7575454711914,2725.04711914063,2784.8974609375,102.674209594727,2557.93505859375,1250.80261230469,0.1898052,0
0.333333333333333,2,0.555555555555556,36,99.852668762207,2708.01342773438,2726.33447265625,102.674209594727,2557.93505859375,1250.80261230469,0.1777104,0
0.333333333333333,2,0.666666666666667,36,99.852668762207,2708.01342773438,2726.33447265625,102.674209594727,2557.93505859375,1250.80261230469,0.1780114,0
0.333333333333333,2,0.777777777777778,18,107.203956604004,2763.57934570313,1850.48718261719,0,0,0,0.1749898,0
0.333333333333333,2,0.888888888888889,2,122.032638549805,632.611938476563,226.778930664063,0,0,0,0.1705871,0
0.333333333333333,2,1,1,127.719024658203,5565.57568359375,5565.57568359375,0,0,0,0.1883548,0
0.333333333333333,3,0,39,99.4120330810547,2765.47241210938,2769.42260742188,102.674209594727,2557.93505859375,1250.80261230469,0.189362,0
0.333333333333333,3,0.111111111111111,39,99.4120330810547,2765.47241210938,2769.42260742188,102.674209594727,2557.93505859375,1250.80261230469,0.1669751,0
0.333333333333333,3,0.222222222222222,39,99.4120330810547,2765.47241210938,2769.42260742188,102.674209594727,2557.93505859375,1250.80261230469,0.1684977,0
0.333333333333333,3,0.333333333333333,39,99.4120330810547,2765.47241210938,2769.42260742188,102.674209594727,2557.93505859375,1250.80261230469,0.1803021,0
0.333333333333333,3,0.444444444444444,39,99.4120330810547,2765.47241210938,2769.42260742188,102.674209594727,2557.93505859375,1250.80261230469,0.1762995,0
0.333333333333333,3,0.555555555555556,39,99.4120330810547,2765.47241210938,2769.42260742188,102.674209594727,2557.93505859375,1250.80261230469,0.1623209,0
0.333333333333333,3,0.666666666666667,39,99.4120330810547,2765.47241210938,2769.42260742188,102.674209594727,2557.93505859375,1250.80261230469,0.1952438,0
0.333333333333333,3,0.777777777777778,19,106.894981384277,2910.89184570313,1748.19372558594,0,0,0,0.1667609,0
0.333333333333333,3,0.888888888888889,2,122.032638549805,632.611938476563,226.778930664063,0,0,0,0.175856,0
0.333333333333333,3,1,1,127.719024658203,5565.57568359375,5565.57568359375,0,0,0,0.1688906,0
0.333333333333333,4,0,40,99.2659912109375,2749.994140625,2794.90600585938,102.674209594727,2557.93505859375,1250.80261230469,0.1671531,0
0.333333333333333,4,0.111111111111111,40,99.2659912109375,2749.994140625,2794.90600585938,102.674209594727,2557.93505859375,1250.80261230469,0.1634906,0
0.333333333333333,4,0.222222222222222,40,99.2659912109375,2749.994140625,2794.90600585938,102.674209594727,2557.93505859375,1250.80261230469,0.2029986,0
0.333333333333333,4,0.333333333333333,40,99.2659912109375,2749.994140625,2794.90600585938,102.674209594727,2557.93505859375,1250.80261230469,0.1665421,0
0.333333333333333,4,0.444444444444444,40,99.2659912109375,2749.994140625,2794.90600585938,102.674209594727,2557.93505859375,1250.80261230469,0.1691278,0
0.333333333333333,4,0.555555555555556,40,99.2659912109375,2749.994140625,2794.90600585938,102.674209594727,2557.93505859375,1250.80261230469,0.1661442,0
0.333333333333333,4,0.666666666666667,40,99.2659912109375,2749.994140625,2794.90600585938,102.674209594727,2557.93505859375,1250.80261230469,0.1780712,0
0.333333333333333,4,0.777777777777778,19,106.894981384277,2910.89184570313,1748.19372558594,0,0,0,0.1839182,0
0.333333333333333,4,0.888888888888889,2,122.032638549805,632.611938476563,226.778930664063,0,0,0,0.2094804,0
0.333333333333333,4,1,1,127.719024658203,5565.57568359375,5565.57568359375,0,0,0,0.1680645,0
0.444444444444444,1,0,3,119.02513885498,557.89111328125,3973.322265625,0,0,0,0.1693768,0
0.444444444444444,1,0.111111111111111,3,119.02513885498,557.89111328125,3973.322265625,0,0,0,0.169218,0
0.444444444444444,1,0.222222222222222,3,119.02513885498,557.89111328125,3973.322265625,0,0,0,0.1663211,0
0.444444444444444,1,0.333333333333333,3,119.02513885498,557.89111328125,3973.322265625,0,0,0,0.1773013,0
0.444444444444444,1,0.444444444444444,3,119.02513885498,557.89111328125,3973.322265625,0,0,0,0.2009973,0
0.444444444444444,1,0.555555555555556,3,119.02513885498,557.89111328125,3973.322265625,0,0,0,0.1685186,0
0.444444444444444,1,0.666666666666667,3,119.02513885498,557.89111328125,3973.322265625,0,0,0,0.1740564,0
0.444444444444444,1,0.777777777777778,3,119.02513885498,557.89111328125,3973.322265625,0,0,0,0.169935,0
0.444444444444444,1,0.888888888888889,2,122.032638549805,632.611938476563,226.778930664063,0,0,0,0.1809689,0
0.444444444444444,1,1,1,127.719024658203,5565.57568359375,5565.57568359375,0,0,0,0.1660504,0
0.444444444444444,2,0,3,119.02513885498,557.89111328125,3973.322265625,0,0,0,0.1946294,0
0.444444444444444,2,0.111111111111111,3,119.02513885498,557.89111328125,3973.322265625,0,0,0,0.1791231,0
0.444444444444444,2,0.222222222222222,3,119.02513885498,557.89111328125,3973.322265625,0,0,0,0.1694989,0
0.444444444444444,2,0.333333333333333,3,119.02513885498,557.89111328125,3973.322265625,0,0,0,0.1662738,0
0.444444444444444,2,0.444444444444444,3,119.02513885498,557.89111328125,3973.322265625,0,0,0,0.1766056,0
0.444444444444444,2,0.555555555555556,3,119.02513885498,557.89111328125,3973.322265625,0,0,0,0.1658353,0
0.444444444444444,2,0.666666666666667,3,119.02513885498,557.89111328125,3973.322265625,0,0,0,0.1794323,0
0.444444444444444,2,0.777777777777778,3,119.02513885498,557.89111328125,3973.322265625,0,0,0,0.183656,0
0.444444444444444,2,0.888888888888889,2,122.032638549805,632.611938476563,226.778930664063,0,0,0,0.1741916,0
0.444444444444444,2,1,1,127.719024658203,5565.57568359375,5565.57568359375,0,0,0,0.1699561,0
0.444444444444444,3,0,3,119.02513885498,557.89111328125,3973.322265625,0,0,0,0.1705185,0
0.444444444444444,3,0.111111111111111,3,119.02513885498,557.89111328125,3973.322265625,0,0,0,0.1668846,0
0.444444444444444,3,0.222222222222222,3,119.02513885498,557.89111328125,3973.322265625,0,0,0,0.1740821,0
0.444444444444444,3,0.333333333333333,3,119.02513885498,557.89111328125,3973.322265625,0,0,0,0.174933,0
0.444444444444444,3,0.444444444444444,3,119.02513885498,557.89111328125,3973.322265625,0,0,0,0.169431,0
0.444444444444444,3,0.555555555555556,3,119.02513885498,557.89111328125,3973.322265625,0,0,0,0.1752722,0
0.444444444444444,3,0.666666666666667,3,119.02513885498,557.89111328125,3973.322265625,0,0,0,0.1632702,0
0.444444444444444,3,0.777777777777778,3,119.02513885498,557.89111328125,3973.322265625,0,0,0,0.1648524,0
0.444444444444444,3,0.888888888888889,2,122.032638549805,632.611938476563,226.778930664063,0,0,0,0.1644409,0
0.444444444444444,3,1,1,127.719024658203,5565.57568359375,5565.57568359375,0,0,0,0.1916815,0
0.444444444444444,4,0,3,119.02513885498,557.89111328125,3973.322265625,0,0,0,0.1639849,0
0.444444444444444,4,0.111111111111111,3,119.02513885498,557.89111328125,3973.322265625,0,0,0,0.1691948,0
0.444444444444444,4,0.222222222222222,3,119.02513885498,557.89111328125,3973.322265625,0,0,0,0.1650982,0
0.444444444444444,4,0.333333333333333,3,119.02513885498,557.89111328125,3973.322265625,0,0,0,0.1772156,0
0.444444444444444,4,0.444444444444444,3,119.02513885498,557.89111328125,3973.322265625,0,0,0,0.163475,0
0.444444444444444,4,0.555555555555556,3,119.02513885498,557.89111328125,3973.322265625,0,0,0,0.231216,0
0.444444444444444,4,0.666666666666667,3,119.02513885498,557.89111328125,3973.322265625,0,0,0,0.1904087,0
0.444444444444444,4,0.777777777777778,3,119.02513885498,557.89111328125,3973.322265625,0,0,0,0.1625895,0
0.444444444444444,4,0.888888888888889,2,122.032638549805,632.611938476563,226.778930664063,0,0,0,0.1738871,0
0.444444444444444,4,1,1,127.719024658203,5565.57568359375,5565.57568359375,0,0,0,0.1664947,0
0.555555555555556,1,0,0,NaN,NaN,NaN,0,0,0,0.1853863,0
0.555555555555556,1,0.111111111111111,0,NaN,NaN,NaN,0,0,0,0.1845466,0
0.555555555555556,1,0.222222222222222,0,NaN,NaN,NaN,0,0,0,0.1715393,0
0.555555555555556,1,0.333333333333333,0,NaN,NaN,NaN,0,0,0,0.1626768,0
0.555555555555556,1,0.444444444444444,0,NaN,NaN,NaN,0,0,0,0.1837376,0
0.555555555555556,1,0.555555555555556,0,NaN,NaN,NaN,0,0,0,0.1626354,0
0.555555555555556,1,0.666666666666667,0,NaN,NaN,NaN,0,0,0,0.1656686,0
0.555555555555556,1,0.777777777777778,0,NaN,NaN,NaN,0,0,0,0.1907214,0
0.555555555555556,1,0.888888888888889,0,NaN,NaN,NaN,0,0,0,0.1769409,0
0.555555555555556,1,1,0,NaN,NaN,NaN,0,0,0,0.1644098,0
0.555555555555556,2,0,0,NaN,NaN,NaN,0,0,0,0.1741609,0
0.555555555555556,2,0.111111111111111,0,NaN,NaN,NaN,0,0,0,0.166221,0
0.555555555555556,2,0.222222222222222,0,NaN,NaN,NaN,0,0,0,0.1653327,0
0.555555555555556,2,0.333333333333333,0,NaN,NaN,NaN,0,0,0,0.1726805,0
0.555555555555556,2,0.444444444444444,0,NaN,NaN,NaN,0,0,0,0.1845896,0
0.555555555555556,2,0.555555555555556,0,NaN,NaN,NaN,0,0,0,0.1662208,0
0.555555555555556,2,0.666666666666667,0,NaN,NaN,NaN,0,0,0,0.1615918,0
0.555555555555556,2,0.777777777777778,0,NaN,NaN,NaN,0,0,0,0.1641892,0
0.555555555555556,2,0.888888888888889,0,NaN,NaN,NaN,0,0,0,0.1703655,0
0.555555555555556,2,1,0,NaN,NaN,NaN,0,0,0,0.1633881,0
0.555555555555556,3,0,0,NaN,NaN,NaN,0,0,0,0.1979549,0
0.555555555555556,3,0.111111111111111,0,NaN,NaN,NaN,0,0,0,0.1721733,0
0.555555555555556,3,0.222222222222222,0,NaN,NaN,NaN,0,0,0,0.1644501,0
0.555555555555556,3,0.333333333333333,0,NaN,NaN,NaN,0,0,0,0.1720978,0
0.555555555555556,3,0.444444444444444,0,NaN,NaN,NaN,0,0,0,0.1795029,0
0.555555555555556,3,0.555555555555556,0,NaN,NaN,NaN,0,0,0,0.1729796,0
0.555555555555556,3,0.666666666666667,0,NaN,NaN,NaN,0,0,0,0.228496,0
0.555555555555556,3,0.777777777777778,0,NaN,NaN,NaN,0,0,0,0.1774934,0
0.555555555555556,3,0.888888888888889,0,NaN,NaN,NaN,0,0,0,0.1661616,0
0.555555555555556,3,1,0,NaN,NaN,NaN,0,0,0,0.2119435,0
0.555555555555556,4,0,0,NaN,NaN,NaN,0,0,0,0.2056708,0
0.555555555555556,4,0.111111111111111,0,NaN,NaN,NaN,0,0,0,0.1957522,0
0.555555555555556,4,0.222222222222222,0,NaN,NaN,NaN,0,0,0,0.1688958,0
0.555555555555556,4,0.333333333333333,0,NaN,NaN,NaN,0,0,0,0.1634457,0
0.555555555555556,4,0.444444444444444,0,NaN,NaN,NaN,0,0,0,0.1671919,0
0.555555555555556,4,0.555555555555556,0,NaN,NaN,NaN,0,0,0,0.1651934,0
0.555555555555556,4,0.666666666666667,0,NaN,NaN,NaN,0,0,0,0.1740687,0
0.555555555555556,4,0.777777777777778,0,NaN,NaN,NaN,0,0,0,0.1821383,0
0.555555555555556,4,0.888888888888889,0,NaN,NaN,NaN,0,0,0,0.1715702,0
0.555555555555556,4,1,0,NaN,NaN,NaN,0,0,0,0.1743443,0
0.666666666666667,1,0,0,NaN,NaN,NaN,0,0,0,0.1761084,0
0.666666666666667,1,0.111111111111111,0,NaN,NaN,NaN,0,0,0,0.1672898,0
0.666666666666667,1,0.222222222222222,0,NaN,NaN,NaN,0,0,0,0.1638219,0
0.666666666666667,1,0.333333333333333,0,NaN,NaN,NaN,0,0,0,0.1631581,0
0.666666666666667,1,0.444444444444444,0,NaN,NaN,NaN,0,0,0,0.1915259,0
0.666666666666667,1,0.555555555555556,0,NaN,NaN,NaN,0,0,0,0.1653329,0
0.666666666666667,1,0.666666666666667,0,NaN,NaN,NaN,0,0,0,0.1640884,0
0.666666666666667,1,0.777777777777778,0,NaN,NaN,NaN,0,0,0,0.1613259,0
0.666666666666667,1,0.888888888888889,0,NaN,NaN,NaN,0,0,0,0.1611269,0
0.666666666666667,1,1,0,NaN,NaN,NaN,0,0,0,0.1641384,0
0.666666666666667,2,0,0,NaN,NaN,NaN,0,0,0,0.2023007,0
0.666666666666667,2,0.111111111111111,0,NaN,NaN,NaN,0,0,0,0.1726614,0
0.666666666666667,2,0.222222222222222,0,NaN,NaN,NaN,0,0,0,0.1636555,0
0.666666666666667,2,0.333333333333333,0,NaN,NaN,NaN,0,0,0,0.1619266,0
0.666666666666667,2,0.444444444444444,0,NaN,NaN,NaN,0,0,0,0.1637834,0
0.666666666666667,2,0.555555555555556,0,NaN,NaN,NaN,0,0,0,0.1715756,0
0.666666666666667,2,0.666666666666667,0,NaN,NaN,NaN,0,0,0,0.1839576,0
0.666666666666667,2,0.777777777777778,0,NaN,NaN,NaN,0,0,0,0.171785,0
0.666666666666667,2,0.888888888888889,0,NaN,NaN,NaN,0,0,0,0.1594615,0
0.666666666666667,2,1,0,NaN,NaN,NaN,0,0,0,0.1717506,0
0.666666666666667,3,0,0,NaN,NaN,NaN,0,0,0,0.1683688,0
0.666666666666667,3,0.111111111111111,0,NaN,NaN,NaN,0,0,0,0.1677466,0
0.666666666666667,3,0.222222222222222,0,NaN,NaN,NaN,0,0,0,0.1743002,0
0.666666666666667,3,0.333333333333333,0,NaN,NaN,NaN,0,0,0,0.1907759,0
0.666666666666667,3,0.444444444444444,0,NaN,NaN,NaN,0,0,0,0.1584294,0
0.666666666666667,3,0.555555555555556,0,NaN,NaN,NaN,0,0,0,0.1714765,0
0.666666666666667,3,0.666666666666667,0,NaN,NaN,NaN,0,0,0,0.163278,0
0.666666666666667,3,0.777777777777778,0,NaN,NaN,NaN,0,0,0,0.1696248,0
0.666666666666667,3,0.888888888888889,0,NaN,NaN,NaN,0,0,0,0.1619447,0
0.666666666666667,3,1,0,NaN,NaN,NaN,0,0,0,0.1977016,0
0.666666666666667,4,0,0,NaN,NaN,NaN,0,0,0,0.172024,0
0.666666666666667,4,0.111111111111111,0,NaN,NaN,NaN,0,0,0,0.1624845,0
0.666666666666667,4,0.222222222222222,0,NaN,NaN,NaN,0,0,0,0.1642759,0
0.666666666666667,4,0.333333333333333,0,NaN,NaN,NaN,0,0,0,0.1722882,0
0.666666666666667,4,0.444444444444444,0,NaN,NaN,NaN,0,0,0,0.1610876,0
0.666666666666667,4,0.555555555555556,0,NaN,NaN,NaN,0,0,0,0.1951581,0
0.666666666666667,4,0.666666666666667,0,NaN,NaN,NaN,0,0,0,0.1685671,0
0.666666666666667,4,0.777777777777778,0,NaN,NaN,NaN,0,0,0,0.1622743,0
0.666666666666667,4,0.888888888888889,0,NaN,NaN,NaN,0,0,0,0.1678864,0
0.666666666666667,4,1,0,NaN,NaN,NaN,0,0,0,0.1653501,0
0.777777777777778,1,0,0,NaN,NaN,NaN,0,0,0,0.1743992,0
0.777777777777778,1,0.111111111111111,0,NaN,NaN,NaN,0,0,0,0.1949695,0
0.777777777777778,1,0.222222222222222,0,NaN,NaN,NaN,0,0,0,0.1658923,0
0.777777777777778,1,0.333333333333333,0,NaN,NaN,NaN,0,0,0,0.1634883,0
0.777777777777778,1,0.444444444444444,0,NaN,NaN,NaN,0,0,0,0.1713522,0
0.777777777777778,1,0.555555555555556,0,NaN,NaN,NaN,0,0,0,0.1658578,0
0.777777777777778,1,0.666666666666667,0,NaN,NaN,NaN,0,0,0,0.174102,0
0.777777777777778,1,0.777777777777778,0,NaN,NaN,NaN,0,0,0,0.1609435,0
0.777777777777778,1,0.888888888888889,0,NaN,NaN,NaN,0,0,0,0.2058837,0
0.777777777777778,1,1,0,NaN,NaN,NaN,0,0,0,0.1612068,0
0.777777777777778,2,0,0,NaN,NaN,NaN,0,0,0,0.1886479,0
0.777777777777778,2,0.111111111111111,0,NaN,NaN,NaN,0,0,0,0.1647366,0
0.777777777777778,2,0.222222222222222,0,NaN,NaN,NaN,0,0,0,0.1604496,0
0.777777777777778,2,0.333333333333333,0,NaN,NaN,NaN,0,0,0,0.1597961,0
0.777777777777778,2,0.444444444444444,0,NaN,NaN,NaN,0,0,0,0.2079359,0
0.777777777777778,2,0.555555555555556,0,NaN,NaN,NaN,0,0,0,0.175496,0
0.777777777777778,2,0.666666666666667,0,NaN,NaN,NaN,0,0,0,0.1607761,0
0.777777777777778,2,0.777777777777778,0,NaN,NaN,NaN,0,0,0,0.1717717,0
0.777777777777778,2,0.888888888888889,0,NaN,NaN,NaN,0,0,0,0.1601334,0
0.777777777777778,2,1,0,NaN,NaN,NaN,0,0,0,0.1653753,0
0.777777777777778,3,0,0,NaN,NaN,NaN,0,0,0,0.203278,0
0.777777777777778,3,0.111111111111111,0,NaN,NaN,NaN,0,0,0,0.1689649,0
0.777777777777778,3,0.222222222222222,0,NaN,NaN,NaN,0,0,0,0.1637234,0
0.777777777777778,3,0.333333333333333,0,NaN,NaN,NaN,0,0,0,0.1699831,0
0.777777777777778,3,0.444444444444444,0,NaN,NaN,NaN,0,0,0,0.1624442,0
0.777777777777778,3,0.555555555555556,0,NaN,NaN,NaN,0,0,0,0.1675346,0
0.777777777777778,3,0.666666666666667,0,NaN,NaN,NaN,0,0,0,0.180561,0
0.777777777777778,3,0.777777777777778,0,NaN,NaN,NaN,0,0,0,0.1777503,0
0.777777777777778,3,0.888888888888889,0,NaN,NaN,NaN,0,0,0,0.1674818,0
0.777777777777778,3,1,0,NaN,NaN,NaN,0,0,0,0.1721597,0
0.777777777777778,4,0,0,NaN,NaN,NaN,0,0,0,0.1749296,0
0.777777777777778,4,0.111111111111111,0,NaN,NaN,NaN,0,0,0,0.1690325,0
0.777777777777778,4,0.222222222222222,0,NaN,NaN,NaN,0,0,0,0.1657018,0
0.777777777777778,4,0.333333333333333,0,NaN,NaN,NaN,0,0,0,0.1846345,0
0.777777777777778,4,0.444444444444444,0,NaN,NaN,NaN,0,0,0,0.1641486,0
0.777777777777778,4,0.555555555555556,0,NaN,NaN,NaN,0,0,0,0.1642643,0
0.777777777777778,4,0.666666666666667,0,NaN,NaN,NaN,0,0,0,0.1667578,0
0.777777777777778,4,0.777777777777778,0,NaN,NaN,NaN,0,0,0,0.1766621,0
0.777777777777778,4,0.888888888888889,0,NaN,NaN,NaN,0,0,0,0.1748804,0
0.777777777777778,4,1,0,NaN,NaN,NaN,0,0,0,0.2000299,0
0.888888888888889,1,0,0,NaN,NaN,NaN,0,0,0,0.1946949,0
0.888888888888889,1,0.111111111111111,0,NaN,NaN,NaN,0,0,0,0.1792829,0
0.888888888888889,1,0.222222222222222,0,NaN,NaN,NaN,0,0,0,0.1714356,0
0.888888888888889,1,0.333333333333333,0,NaN,NaN,NaN,0,0,0,0.173928,0
0.888888888888889,1,0.444444444444444,0,NaN,NaN,NaN,0,0,0,0.1741521,0
0.888888888888889,1,0.555555555555556,0,NaN,NaN,NaN,0,0,0,0.1840618,0
0.888888888888889,1,0.666666666666667,0,NaN,NaN,NaN,0,0,0,0.1721792,0
0.888888888888889,1,0.777777777777778,0,NaN,NaN,NaN,0,0,0,0.1599841,0
0.888888888888889,1,0.888888888888889,0,NaN,NaN,NaN,0,0,0,0.1743664,0
0.888888888888889,1,1,0,NaN,NaN,NaN,0,0,0,0.1704561,0
0.888888888888889,2,0,0,NaN,NaN,NaN,0,0,0,0.1745012,0
0.888888888888889,2,0.111111111111111,0,NaN,NaN,NaN,0,0,0,0.1982516,0
0.888888888888889,2,0.222222222222222,0,NaN,NaN,NaN,0,0,0,0.1646187,0
0.888888888888889,2,0.333333333333333,0,NaN,NaN,NaN,0,0,0,0.1601567,0
0.888888888888889,2,0.444444444444444,0,NaN,NaN,NaN,0,0,0,0.1773112,0
0.888888888888889,2,0.555555555555556,0,NaN,NaN,NaN,0,0,0,0.1925781,0
0.888888888888889,2,0.666666666666667,0,NaN,NaN,NaN,0,0,0,0.1615879,0
0.888888888888889,2,0.777777777777778,0,NaN,NaN,NaN,0,0,0,0.1990075,0
0.888888888888889,2,0.888888888888889,0,NaN,NaN,NaN,0,0,0,0.1755286,0
0.888888888888889,2,1,0,NaN,NaN,NaN,0,0,0,0.1640152,0
0.888888888888889,3,0,0,NaN,NaN,NaN,0,0,0,0.1630125,0
0.888888888888889,3,0.111111111111111,0,NaN,NaN,NaN,0,0,0,0.1719889,0
0.888888888888889,3,0.222222222222222,0,NaN,NaN,NaN,0,0,0,0.1619567,0
0.888888888888889,3,0.333333333333333,0,NaN,NaN,NaN,0,0,0,0.1906245,0
0.888888888888889,3,0.444444444444444,0,NaN,NaN,NaN,0,0,0,0.1706901,0
0.888888888888889,3,0.555555555555556,0,NaN,NaN,NaN,0,0,0,0.1662891,0
0.888888888888889,3,0.666666666666667,0,NaN,NaN,NaN,0,0,0,0.1775887,0
0.888888888888889,3,0.777777777777778,0,NaN,NaN,NaN,0,0,0,0.1773121,0
0.888888888888889,3,0.888888888888889,0,NaN,NaN,NaN,0,0,0,0.1750123,0
0.888888888888889,3,1,0,NaN,NaN,NaN,0,0,0,0.1857241,0
0.888888888888889,4,0,0,NaN,NaN,NaN,0,0,0,0.1723633,0
0.888888888888889,4,0.111111111111111,0,NaN,NaN,NaN,0,0,0,0.1617101,0
0.888888888888889,4,0.222222222222222,0,NaN,NaN,NaN,0,0,0,0.1636806,0
0.888888888888889,4,0.333333333333333,0,NaN,NaN,NaN,0,0,0,0.1627543,0
0.888888888888889,4,0.444444444444444,0,NaN,NaN,NaN,0,0,0,0.1673786,0
0.888888888888889,4,0.555555555555556,0,NaN,NaN,NaN,0,0,0,0.1627205,0
0.888888888888889,4,0.666666666666667,0,NaN,NaN,NaN,0,0,0,0.1923828,0
0.888888888888889,4,0.777777777777778,0,NaN,NaN,NaN,0,0,0,0.1700841,0
0.888888888888889,4,0.888888888888889,0,NaN,NaN,NaN,0,0,0,0.1675077,0
0.888888888888889,4,1,0,NaN,NaN,NaN,0,0,0,0.1627035,0
0.999,1,0,0,NaN,NaN,NaN,0,0,0,0.1694887,0
0.999,1,0.111111111111111,0,NaN,NaN,NaN,0,0,0,0.1618622,0
0.999,1,0.222222222222222,0,NaN,NaN,NaN,0,0,0,0.1897566,0
0.999,1,0.333333333333333,0,NaN,NaN,NaN,0,0,0,0.1635697,0
0.999,1,0.444444444444444,0,NaN,NaN,NaN,0,0,0,0.1670835,0
0.999,1,0.555555555555556,0,NaN,NaN,NaN,0,0,0,0.1623522,0
0.999,1,0.666666666666667,0,NaN,NaN,NaN,0,0,0,0.1694896,0
0.999,1,0.777777777777778,0,NaN,NaN,NaN,0,0,0,0.1866016,0
0.999,1,0.888888888888889,0,NaN,NaN,NaN,0,0,0,0.1761742,0
0.999,1,1,0,NaN,NaN,NaN,0,0,0,0.1738803,0
0.999,2,0,0,NaN,NaN,NaN,0,0,0,0.1739278,0
0.999,2,0.111111111111111,0,NaN,NaN,NaN,0,0,0,0.1732296,0
0.999,2,0.222222222222222,0,NaN,NaN,NaN,0,0,0,0.163158,0
0.999,2,0.333333333333333,0,NaN,NaN,NaN,0,0,0,0.1618911,0
0.999,2,0.444444444444444,0,NaN,NaN,NaN,0,0,0,0.1754402,0
0.999,2,0.555555555555556,0,NaN,NaN,NaN,0,0,0,0.1770387,0
0.999,2,0.666666666666667,0,NaN,NaN,NaN,0,0,0,0.1712778,0
0.999,2,0.777777777777778,0,NaN,NaN,NaN,0,0,0,0.168227,0
0.999,2,0.888888888888889,0,NaN,NaN,NaN,0,0,0,0.1664249,0
0.999,2,1,0,NaN,NaN,NaN,0,0,0,0.1692296,0
0.999,3,0,0,NaN,NaN,NaN,0,0,0,0.1600679,0
0.999,3,0.111111111111111,0,NaN,NaN,NaN,0,0,0,0.1983104,0
0.999,3,0.222222222222222,0,NaN,NaN,NaN,0,0,0,0.1672009,0
0.999,3,0.333333333333333,0,NaN,NaN,NaN,0,0,0,0.1713705,0
0.999,3,0.444444444444444,0,NaN,NaN,NaN,0,0,0,0.1654871,0
0.999,3,0.555555555555556,0,NaN,NaN,NaN,0,0,0,0.1616837,0
0.999,3,0.666666666666667,0,NaN,NaN,NaN,0,0,0,0.1625265,0
0.999,3,0.777777777777778,0,NaN,NaN,NaN,0,0,0,0.1932731,0
0.999,3,0.888888888888889,0,NaN,NaN,NaN,0,0,0,0.1691086,0
0.999,3,1,0,NaN,NaN,NaN,0,0,0,0.1628178,0
0.999,4,0,0,NaN,NaN,NaN,0,0,0,0.1751367,0
0.999,4,0.111111111111111,0,NaN,NaN,NaN,0,0,0,0.1633445,0
0.999,4,0.222222222222222,0,NaN,NaN,NaN,0,0,0,0.1698944,0
0.999,4,0.333333333333333,0,NaN,NaN,NaN,0,0,0,0.1897969,0
0.999,4,0.444444444444444,0,NaN,NaN,NaN,0,0,0,0.1734309,0
0.999,4,0.555555555555556,0,NaN,NaN,NaN,0,0,0,0.2422006,0
0.999,4,0.666666666666667,0,NaN,NaN,NaN,0,0,0,0.2115144,0
0.999,4,0.777777777777778,0,NaN,NaN,NaN,0,0,0,0.1719673,0
0.999,4,0.888888888888889,0,NaN,NaN,NaN,0,0,0,0.1722221,0
0.999,4,1,0,NaN,NaN,NaN,0,0,0,0.1967655,0
0.2,4,0.1,276,69.896598815918,2911.46313476563,2575.70825195313,67.9842987060547,210.369110107422,26.702917098999,0.3734347,1
