paramCombinations_1,paramCombinations_2,numDetectedFeatures,meanScore,varianceLocation_m,varianceLocation_n,meanScoreTop,varianceLocationTop_m,varianceLocationTop_n,computationTime,is_default
1.01,5,2687,6.07052861596458e-05,1448.81872558594,2228.49072265625,0.0001779695157893,810.010620117188,1.01052606105804,0.171289,0
1.01,6,2871,5.82028624194209e-05,1444.30456542969,2215.70092773438,0.0001779695157893,810.010620117188,1.01052606105804,0.0261163,0
1.01,7,3011,5.63793219043873e-05,1436.50317382813,2200.16357421875,0.0001779695157893,810.010620117188,1.01052606105804,0.019199,0
1.01,8,3122,5.50274380657356e-05,1431.06701660156,2187.86499023438,0.0001779695157893,810.010620117188,1.01052606105804,0.0149756,0
1.01,9,3196,5.41679364687297e-05,1432.15637207031,2180.55932617188,0.0001779695157893,810.010620117188,1.01052606105804,0.0510184,0
1.01,10,3250,5.35973049409222e-05,1433.35949707031,2171.490234375,0.0001779695157893,810.010620117188,1.01052606105804,0.0073099,0
1.11111111111111,5,2173,6.88149448251352e-05,1406.09692382813,2201.11596679688,0.0001779695157893,810.010620117188,1.01052606105804,0.0067631,0
1.11111111111111,6,2224,6.77594653097913e-05,1395.439453125,2183.21899414063,0.0001779695157893,810.010620117188,1.01052606105804,0.005939,0
1.11111111111111,7,2256,6.69842775096186e-05,1386.31970214844,2172.28686523438,0.0001779695157893,810.010620117188,1.01052606105804,0.0059368,0
1.11111111111111,8,2273,6.6543827415444e-05,1379.69250488281,2168.24658203125,0.0001779695157893,810.010620117188,1.01052606105804,0.0044995,0
1.11111111111111,9,2281,6.63407918182202e-05,1375.81042480469,2165.61791992188,0.0001779695157893,810.010620117188,1.01052606105804,0.0044207,0
1.11111111111111,10,2286,6.62166930851527e-05,1373.19714355469,2163.66870117188,0.0001779695157893,810.010620117188,1.01052606105804,0.0046011,0
1.22222222222222,5,1770,7.37770606065169e-05,1326.16552734375,2197.00512695313,0.0001779695157893,810.010620117188,1.01052606105804,0.0038452,0
1.22222222222222,6,1774,7.36455112928525e-05,1323.33569335938,2195.095703125,0.0001779695157893,810.010620117188,1.01052606105804,0.0039654,0
1.22222222222222,7,1774,7.36455112928525e-05,1323.33569335938,2195.095703125,0.0001779695157893,810.010620117188,1.01052606105804,0.0099084,0
1.22222222222222,8,1774,7.36455112928525e-05,1323.33569335938,2195.095703125,0.0001779695157893,810.010620117188,1.01052606105804,0.0044848,0
1.22222222222222,9,1774,7.36455112928525e-05,1323.33569335938,2195.095703125,0.0001779695157893,810.010620117188,1.01052606105804,0.0044191,0
1.22222222222222,10,1774,7.36455112928525e-05,1323.33569335938,2195.095703125,0.0001779695157893,810.010620117188,1.01052606105804,0.0044917,0
1.33333333333333,5,1498,7.80713744461536e-05,1363.13439941406,2228.82446289063,0.0001779695157893,810.010620117188,1.01052606105804,0.0031501,0
1.33333333333333,6,1498,7.80713744461536e-05,1363.13439941406,2228.82446289063,0.0001779695157893,810.010620117188,1.01052606105804,0.0054589,0
1.33333333333333,7,1498,7.80713744461536e-05,1363.13439941406,2228.82446289063,0.0001779695157893,810.010620117188,1.01052606105804,0.0036714,0
1.33333333333333,8,1498,7.80713744461536e-05,1363.13439941406,2228.82446289063,0.0001779695157893,810.010620117188,1.01052606105804,0.0037362,0
1.33333333333333,9,1498,7.80713744461536e-05,1363.13439941406,2228.82446289063,0.0001779695157893,810.010620117188,1.01052606105804,0.003706,0
1.33333333333333,10,1498,7.80713744461536e-05,1363.13439941406,2228.82446289063,0.0001779695157893,810.010620117188,1.01052606105804,0.0036514,0
1.44444444444444,5,1387,8.0915961007122e-05,1357.16076660156,2194.04443359375,0.0001779695157893,810.010620117188,1.01052606105804,0.0034769,0
1.44444444444444,6,1387,8.0915961007122e-05,1357.16076660156,2194.04443359375,0.0001779695157893,810.010620117188,1.01052606105804,0.0035885,0
1.44444444444444,7,1387,8.0915961007122e-05,1357.16076660156,2194.04443359375,0.0001779695157893,810.010620117188,1.01052606105804,0.0041325,0
1.44444444444444,8,1387,8.0915961007122e-05,1357.16076660156,2194.04443359375,0.0001779695157893,810.010620117188,1.01052606105804,0.0036975,0
1.44444444444444,9,1387,8.0915961007122e-05,1357.16076660156,2194.04443359375,0.0001779695157893,810.010620117188,1.01052606105804,0.0036779,0
1.44444444444444,10,1387,8.0915961007122e-05,1357.16076660156,2194.04443359375,0.0001779695157893,810.010620117188,1.01052606105804,0.0047412,0
1.55555555555556,5,1298,8.34939128253609e-05,1357.5556640625,2242.90795898438,0.0001779695157893,810.010620117188,1.01052606105804,0.0034708,0
1.55555555555556,6,1298,8.34939128253609e-05,1357.5556640625,2242.90795898438,0.0001779695157893,810.010620117188,1.01052606105804,0.0039375,0
1.55555555555556,7,1298,8.34939128253609e-05,1357.5556640625,2242.90795898438,0.0001779695157893,810.010620117188,1.01052606105804,0.003609,0
1.55555555555556,8,1298,8.34939128253609e-05,1357.5556640625,2242.90795898438,0.0001779695157893,810.010620117188,1.01052606105804,0.0034349,0
1.55555555555556,9,1298,8.34939128253609e-05,1357.5556640625,2242.90795898438,0.0001779695157893,810.010620117188,1.01052606105804,0.0035538,0
1.55555555555556,10,1298,8.34939128253609e-05,1357.5556640625,2242.90795898438,0.0001779695157893,810.010620117188,1.01052606105804,0.0045517,0
1.66666666666667,5,1250,8.54417594382539e-05,1376.8076171875,2261.47827148438,0.0001779695157893,810.010620117188,1.01052606105804,0.0032771,0
1.66666666666667,6,1250,8.54417594382539e-05,1376.8076171875,2261.47827148438,0.0001779695157893,810.010620117188,1.01052606105804,0.003598,0
1.66666666666667,7,1250,8.54417594382539e-05,1376.8076171875,2261.47827148438,0.0001779695157893,810.010620117188,1.01052606105804,0.0034142,0
1.66666666666667,8,1250,8.54417594382539e-05,1376.8076171875,2261.47827148438,0.0001779695157893,810.010620117188,1.01052606105804,0.0032573,0
1.66666666666667,9,1250,8.54417594382539e-05,1376.8076171875,2261.47827148438,0.0001779695157893,810.010620117188,1.01052606105804,0.0036489,0
1.66666666666667,10,1250,8.54417594382539e-05,1376.8076171875,2261.47827148438,0.0001779695157893,810.010620117188,1.01052606105804,0.0034503,0
1.77777777777778,5,1177,8.76444391906261e-05,1399.82482910156,2256.46264648438,0.0001779695157893,810.010620117188,1.01052606105804,0.0034986,0
1.77777777777778,6,1177,8.76444391906261e-05,1399.82482910156,2256.46264648438,0.0001779695157893,810.010620117188,1.01052606105804,0.0033836,0
1.77777777777778,7,1177,8.76444391906261e-05,1399.82482910156,2256.46264648438,0.0001779695157893,810.010620117188,1.01052606105804,0.0037482,0
1.77777777777778,8,1177,8.76444391906261e-05,1399.82482910156,2256.46264648438,0.0001779695157893,810.010620117188,1.01052606105804,0.0032364,0
1.77777777777778,9,1177,8.76444391906261e-05,1399.82482910156,2256.46264648438,0.0001779695157893,810.010620117188,1.01052606105804,0.0041719,0
1.77777777777778,10,1177,8.76444391906261e-05,1399.82482910156,2256.46264648438,0.0001779695157893,810.010620117188,1.01052606105804,0.003789,0
1.88888888888889,5,1146,8.75399346114136e-05,1401.98486328125,2272.53442382813,0.0001779695157893,810.010620117188,1.01052606105804,0.0031786,0
1.88888888888889,6,1146,8.75399346114136e-05,1401.98486328125,2272.53442382813,0.0001779695157893,810.010620117188,1.01052606105804,0.003335,0
1.88888888888889,7,1146,8.75399346114136e-05,1401.98486328125,2272.53442382813,0.0001779695157893,810.010620117188,1.01052606105804,0.0039428,0
1.88888888888889,8,1146,8.75399346114136e-05,1401.98486328125,2272.53442382813,0.0001779695157893,810.010620117188,1.01052606105804,0.0031721,0
1.88888888888889,9,1146,8.75399346114136e-05,1401.98486328125,2272.53442382813,0.0001779695157893,810.010620117188,1.01052606105804,0.0032072,0
1.88888888888889,10,1146,8.75399346114136e-05,1401.98486328125,2272.53442382813,0.0001779695157893,810.010620117188,1.01052606105804,0.0035558,0
2,5,1138,8.83257962414064e-05,1398.34790039063,2251.60522460938,0.0001779695157893,810.010620117188,1.01052606105804,0.0032415,0
2,6,1138,8.83257962414064e-05,1398.34790039063,2251.60522460938,0.0001779695157893,810.010620117188,1.01052606105804,0.0031524,0
2,7,1138,8.83257962414064e-05,1398.34790039063,2251.60522460938,0.0001779695157893,810.010620117188,1.01052606105804,0.0035556,0
2,8,1138,8.83257962414064e-05,1398.34790039063,2251.60522460938,0.0001779695157893,810.010620117188,1.01052606105804,0.0036381,0
2,9,1138,8.83257962414064e-05,1398.34790039063,2251.60522460938,0.0001779695157893,810.010620117188,1.01052606105804,0.0031362,0
2,10,1138,8.83257962414064e-05,1398.34790039063,2251.60522460938,0.0001779695157893,810.010620117188,1.01052606105804,0.0037257,0
2.11111111111111,5,1103,8.90981609700248e-05,1422.50463867188,2281.185546875,0.0001779695157893,810.010620117188,1.01052606105804,0.0037011,0
2.11111111111111,6,1103,8.90981609700248e-05,1422.50463867188,2281.185546875,0.0001779695157893,810.010620117188,1.01052606105804,0.0030733,0
2.11111111111111,7,1103,8.90981609700248e-05,1422.50463867188,2281.185546875,0.0001779695157893,810.010620117188,1.01052606105804,0.0045645,0
2.11111111111111,8,1103,8.90981609700248e-05,1422.50463867188,2281.185546875,0.0001779695157893,810.010620117188,1.01052606105804,0.003266,0
2.11111111111111,9,1103,8.90981609700248e-05,1422.50463867188,2281.185546875,0.0001779695157893,810.010620117188,1.01052606105804,0.0055617,0
2.11111111111111,10,1103,8.90981609700248e-05,1422.50463867188,2281.185546875,0.0001779695157893,810.010620117188,1.01052606105804,0.0057901,0
2.22222222222222,5,1096,8.94461627467535e-05,1426.34997558594,2287.33227539063,0.0001779695157893,810.010620117188,1.01052606105804,0.0062748,0
2.22222222222222,6,1096,8.94461627467535e-05,1426.34997558594,2287.33227539063,0.0001779695157893,810.010620117188,1.01052606105804,0.0061675,0
2.22222222222222,7,1096,8.94461627467535e-05,1426.34997558594,2287.33227539063,0.0001779695157893,810.010620117188,1.01052606105804,0.0049077,0
2.22222222222222,8,1096,8.94461627467535e-05,1426.34997558594,2287.33227539063,0.0001779695157893,810.010620117188,1.01052606105804,0.0043007,0
2.22222222222222,9,1096,8.94461627467535e-05,1426.34997558594,2287.33227539063,0.0001779695157893,810.010620117188,1.01052606105804,0.0042346,0
2.22222222222222,10,1096,8.94461627467535e-05,1426.34997558594,2287.33227539063,0.0001779695157893,810.010620117188,1.01052606105804,0.0052079,0
2.33333333333333,5,1058,9.11905954126269e-05,1457.09533691406,2326.54638671875,0.0001779695157893,810.010620117188,1.01052606105804,0.0048528,0
2.33333333333333,6,1058,9.11905954126269e-05,1457.09533691406,2326.54638671875,0.0001779695157893,810.010620117188,1.01052606105804,0.0045398,0
2.33333333333333,7,1058,9.11905954126269e-05,1457.09533691406,2326.54638671875,0.0001779695157893,810.010620117188,1.01052606105804,0.0051385,0
2.33333333333333,8,1058,9.11905954126269e-05,1457.09533691406,2326.54638671875,0.0001779695157893,810.010620117188,1.01052606105804,0.0037689,0
2.33333333333333,9,1058,9.11905954126269e-05,1457.09533691406,2326.54638671875,0.0001779695157893,810.010620117188,1.01052606105804,0.0047336,0
2.33333333333333,10,1058,9.11905954126269e-05,1457.09533691406,2326.54638671875,0.0001779695157893,810.010620117188,1.01052606105804,0.0035385,0
2.44444444444444,5,1050,9.15757773327641e-05,1466.12646484375,2327.7099609375,0.0001779695157893,810.010620117188,1.01052606105804,0.003191,0
2.44444444444444,6,1050,9.15757773327641e-05,1466.12646484375,2327.7099609375,0.0001779695157893,810.010620117188,1.01052606105804,0.0033878,0
2.44444444444444,7,1050,9.15757773327641e-05,1466.12646484375,2327.7099609375,0.0001779695157893,810.010620117188,1.01052606105804,0.0030652,0
2.44444444444444,8,1050,9.15757773327641e-05,1466.12646484375,2327.7099609375,0.0001779695157893,810.010620117188,1.01052606105804,0.0031168,0
2.44444444444444,9,1050,9.15757773327641e-05,1466.12646484375,2327.7099609375,0.0001779695157893,810.010620117188,1.01052606105804,0.0030793,0
2.44444444444444,10,1050,9.15757773327641e-05,1466.12646484375,2327.7099609375,0.0001779695157893,810.010620117188,1.01052606105804,0.0036547,0
2.55555555555556,5,1046,9.18568985071033e-05,1468.67468261719,2334.25512695313,0.0001779695157893,810.010620117188,1.01052606105804,0.0030816,0
2.55555555555556,6,1046,9.18568985071033e-05,1468.67468261719,2334.25512695313,0.0001779695157893,810.010620117188,1.01052606105804,0.0031696,0
2.55555555555556,7,1046,9.18568985071033e-05,1468.67468261719,2334.25512695313,0.0001779695157893,810.010620117188,1.01052606105804,0.0030288,0
2.55555555555556,8,1046,9.18568985071033e-05,1468.67468261719,2334.25512695313,0.0001779695157893,810.010620117188,1.01052606105804,0.0033757,0
2.55555555555556,9,1046,9.18568985071033e-05,1468.67468261719,2334.25512695313,0.0001779695157893,810.010620117188,1.01052606105804,0.0032496,0
2.55555555555556,10,1046,9.18568985071033e-05,1468.67468261719,2334.25512695313,0.0001779695157893,810.010620117188,1.01052606105804,0.0029975,0
2.66666666666667,5,1035,9.2471826064866e-05,1481.9462890625,2347.30322265625,0.0001779695157893,810.010620117188,1.01052606105804,0.0032933,0
2.66666666666667,6,1035,9.2471826064866e-05,1481.9462890625,2347.30322265625,0.0001779695157893,810.010620117188,1.01052606105804,0.0030065,0
2.66666666666667,7,1035,9.2471826064866e-05,1481.9462890625,2347.30322265625,0.0001779695157893,810.010620117188,1.01052606105804,0.0031625,0
2.66666666666667,8,1035,9.2471826064866e-05,1481.9462890625,2347.30322265625,0.0001779695157893,810.010620117188,1.01052606105804,0.0030903,0
2.66666666666667,9,1035,9.2471826064866e-05,1481.9462890625,2347.30322265625,0.0001779695157893,810.010620117188,1.01052606105804,0.0030238,0
2.66666666666667,10,1035,9.2471826064866e-05,1481.9462890625,2347.30322265625,0.0001779695157893,810.010620117188,1.01052606105804,0.0030076,0
2.77777777777778,5,1030,9.28316731005907e-05,1488.04565429688,2352.96411132813,0.0001779695157893,810.010620117188,1.01052606105804,0.0030965,0
2.77777777777778,6,1030,9.28316731005907e-05,1488.04565429688,2352.96411132813,0.0001779695157893,810.010620117188,1.01052606105804,0.0032988,0
2.77777777777778,7,1030,9.28316731005907e-05,1488.04565429688,2352.96411132813,0.0001779695157893,810.010620117188,1.01052606105804,0.0030507,0
2.77777777777778,8,1030,9.28316731005907e-05,1488.04565429688,2352.96411132813,0.0001779695157893,810.010620117188,1.01052606105804,0.0030869,0
2.77777777777778,9,1030,9.28316731005907e-05,1488.04565429688,2352.96411132813,0.0001779695157893,810.010620117188,1.01052606105804,0.0032554,0
2.77777777777778,10,1030,9.28316731005907e-05,1488.04565429688,2352.96411132813,0.0001779695157893,810.010620117188,1.01052606105804,0.0052025,0
2.88888888888889,5,1032,9.26424254430458e-05,1485.27954101563,2346.9931640625,0.0001779695157893,810.010620117188,1.01052606105804,0.0041884,0
2.88888888888889,6,1032,9.26424254430458e-05,1485.27954101563,2346.9931640625,0.0001779695157893,810.010620117188,1.01052606105804,0.0049348,0
2.88888888888889,7,1032,9.26424254430458e-05,1485.27954101563,2346.9931640625,0.0001779695157893,810.010620117188,1.01052606105804,0.004935,0
2.88888888888889,8,1032,9.26424254430458e-05,1485.27954101563,2346.9931640625,0.0001779695157893,810.010620117188,1.01052606105804,0.0030328,0
2.88888888888889,9,1032,9.26424254430458e-05,1485.27954101563,2346.9931640625,0.0001779695157893,810.010620117188,1.01052606105804,0.0032275,0
2.88888888888889,10,1032,9.26424254430458e-05,1485.27954101563,2346.9931640625,0.0001779695157893,810.010620117188,1.01052606105804,0.0033813,0
3,5,1026,9.30702808545902e-05,1493.34387207031,2357.97338867188,0.0001779695157893,810.010620117188,1.01052606105804,0.0029834,0
3,6,1026,9.30702808545902e-05,1493.34387207031,2357.97338867188,0.0001779695157893,810.010620117188,1.01052606105804,0.0032581,0
3,7,1026,9.30702808545902e-05,1493.34387207031,2357.97338867188,0.0001779695157893,810.010620117188,1.01052606105804,0.0036481,0
3,8,1026,9.30702808545902e-05,1493.34387207031,2357.97338867188,0.0001779695157893,810.010620117188,1.01052606105804,0.0029882,0
3,9,1026,9.30702808545902e-05,1493.34387207031,2357.97338867188,0.0001779695157893,810.010620117188,1.01052606105804,0.0031561,0
3,10,1026,9.30702808545902e-05,1493.34387207031,2357.97338867188,0.0001779695157893,810.010620117188,1.01052606105804,0.0044002,0
3.11111111111111,5,1025,9.31184913497418e-05,1494.72119140625,2357.98217773438,0.0001779695157893,810.010620117188,1.01052606105804,0.0036622,0
3.11111111111111,6,1025,9.31184913497418e-05,1494.72119140625,2357.98217773438,0.0001779695157893,810.010620117188,1.01052606105804,0.0039269,0
3.11111111111111,7,1025,9.31184913497418e-05,1494.72119140625,2357.98217773438,0.0001779695157893,810.010620117188,1.01052606105804,0.0030236,0
3.11111111111111,8,1025,9.31184913497418e-05,1494.72119140625,2357.98217773438,0.0001779695157893,810.010620117188,1.01052606105804,0.003498,0
3.11111111111111,9,1025,9.31184913497418e-05,1494.72119140625,2357.98217773438,0.0001779695157893,810.010620117188,1.01052606105804,0.0030147,0
3.11111111111111,10,1025,9.31184913497418e-05,1494.72119140625,2357.98217773438,0.0001779695157893,810.010620117188,1.01052606105804,0.0030298,0
3.22222222222222,5,1019,9.35807547648437e-05,1503.44714355469,2369.82177734375,0.0001779695157893,810.010620117188,1.01052606105804,0.0033394,0
3.22222222222222,6,1019,9.35807547648437e-05,1503.44714355469,2369.82177734375,0.0001779695157893,810.010620117188,1.01052606105804,0.0028941,0
3.22222222222222,7,1019,9.35807547648437e-05,1503.44714355469,2369.82177734375,0.0001779695157893,810.010620117188,1.01052606105804,0.0030699,0
3.22222222222222,8,1019,9.35807547648437e-05,1503.44714355469,2369.82177734375,0.0001779695157893,810.010620117188,1.01052606105804,0.0035001,0
3.22222222222222,9,1019,9.35807547648437e-05,1503.44714355469,2369.82177734375,0.0001779695157893,810.010620117188,1.01052606105804,0.0031296,0
3.22222222222222,10,1019,9.35807547648437e-05,1503.44714355469,2369.82177734375,0.0001779695157893,810.010620117188,1.01052606105804,0.0029844,0
3.33333333333333,5,1019,9.35807547648437e-05,1503.44714355469,2369.82177734375,0.0001779695157893,810.010620117188,1.01052606105804,0.0048866,0
3.33333333333333,6,1019,9.35807547648437e-05,1503.44714355469,2369.82177734375,0.0001779695157893,810.010620117188,1.01052606105804,0.0033596,0
3.33333333333333,7,1019,9.35807547648437e-05,1503.44714355469,2369.82177734375,0.0001779695157893,810.010620117188,1.01052606105804,0.0029019,0
3.33333333333333,8,1019,9.35807547648437e-05,1503.44714355469,2369.82177734375,0.0001779695157893,810.010620117188,1.01052606105804,0.0036683,0
3.33333333333333,9,1019,9.35807547648437e-05,1503.44714355469,2369.82177734375,0.0001779695157893,810.010620117188,1.01052606105804,0.0043675,0
3.33333333333333,10,1019,9.35807547648437e-05,1503.44714355469,2369.82177734375,0.0001779695157893,810.010620117188,1.01052606105804,0.0054376,0
3.44444444444444,5,1019,9.35807547648437e-05,1503.44714355469,2369.82177734375,0.0001779695157893,810.010620117188,1.01052606105804,0.0038776,0
3.44444444444444,6,1019,9.35807547648437e-05,1503.44714355469,2369.82177734375,0.0001779695157893,810.010620117188,1.01052606105804,0.003034,0
3.44444444444444,7,1019,9.35807547648437e-05,1503.44714355469,2369.82177734375,0.0001779695157893,810.010620117188,1.01052606105804,0.0029055,0
3.44444444444444,8,1019,9.35807547648437e-05,1503.44714355469,2369.82177734375,0.0001779695157893,810.010620117188,1.01052606105804,0.0033638,0
3.44444444444444,9,1019,9.35807547648437e-05,1503.44714355469,2369.82177734375,0.0001779695157893,810.010620117188,1.01052606105804,0.0031988,0
3.44444444444444,10,1019,9.35807547648437e-05,1503.44714355469,2369.82177734375,0.0001779695157893,810.010620117188,1.01052606105804,0.0029126,0
3.55555555555556,5,1019,9.35807547648437e-05,1503.44714355469,2369.82177734375,0.0001779695157893,810.010620117188,1.01052606105804,0.0034439,0
3.55555555555556,6,1019,9.35807547648437e-05,1503.44714355469,2369.82177734375,0.0001779695157893,810.010620117188,1.01052606105804,0.0029059,0
3.55555555555556,7,1019,9.35807547648437e-05,1503.44714355469,2369.82177734375,0.0001779695157893,810.010620117188,1.01052606105804,0.0029241,0
3.55555555555556,8,1019,9.35807547648437e-05,1503.44714355469,2369.82177734375,0.0001779695157893,810.010620117188,1.01052606105804,0.0036155,0
3.55555555555556,9,1019,9.35807547648437e-05,1503.44714355469,2369.82177734375,0.0001779695157893,810.010620117188,1.01052606105804,0.0030411,0
3.55555555555556,10,1019,9.35807547648437e-05,1503.44714355469,2369.82177734375,0.0001779695157893,810.010620117188,1.01052606105804,0.0031973,0
3.66666666666667,5,1019,9.35807547648437e-05,1503.44714355469,2369.82177734375,0.0001779695157893,810.010620117188,1.01052606105804,0.0034213,0
3.66666666666667,6,1019,9.35807547648437e-05,1503.44714355469,2369.82177734375,0.0001779695157893,810.010620117188,1.01052606105804,0.0033671,0
3.66666666666667,7,1019,9.35807547648437e-05,1503.44714355469,2369.82177734375,0.0001779695157893,810.010620117188,1.01052606105804,0.0028954,0
3.66666666666667,8,1019,9.35807547648437e-05,1503.44714355469,2369.82177734375,0.0001779695157893,810.010620117188,1.01052606105804,0.0040056,0
3.66666666666667,9,1019,9.35807547648437e-05,1503.44714355469,2369.82177734375,0.0001779695157893,810.010620117188,1.01052606105804,0.0035499,0
3.66666666666667,10,1019,9.35807547648437e-05,1503.44714355469,2369.82177734375,0.0001779695157893,810.010620117188,1.01052606105804,0.0028706,0
3.77777777777778,5,1019,9.35807547648437e-05,1503.44714355469,2369.82177734375,0.0001779695157893,810.010620117188,1.01052606105804,0.0033449,0
3.77777777777778,6,1019,9.35807547648437e-05,1503.44714355469,2369.82177734375,0.0001779695157893,810.010620117188,1.01052606105804,0.0032057,0
3.77777777777778,7,1019,9.35807547648437e-05,1503.44714355469,2369.82177734375,0.0001779695157893,810.010620117188,1.01052606105804,0.0029222,0
3.77777777777778,8,1019,9.35807547648437e-05,1503.44714355469,2369.82177734375,0.0001779695157893,810.010620117188,1.01052606105804,0.0044801,0
3.77777777777778,9,1019,9.35807547648437e-05,1503.44714355469,2369.82177734375,0.0001779695157893,810.010620117188,1.01052606105804,0.0038411,0
3.77777777777778,10,1019,9.35807547648437e-05,1503.44714355469,2369.82177734375,0.0001779695157893,810.010620117188,1.01052606105804,0.0033979,0
3.88888888888889,5,1019,9.35807547648437e-05,1503.44714355469,2369.82177734375,0.0001779695157893,810.010620117188,1.01052606105804,0.0029057,0
3.88888888888889,6,1019,9.35807547648437e-05,1503.44714355469,2369.82177734375,0.0001779695157893,810.010620117188,1.01052606105804,0.0044611,0
3.88888888888889,7,1019,9.35807547648437e-05,1503.44714355469,2369.82177734375,0.0001779695157893,810.010620117188,1.01052606105804,0.0037641,0
3.88888888888889,8,1019,9.35807547648437e-05,1503.44714355469,2369.82177734375,0.0001779695157893,810.010620117188,1.01052606105804,0.0032179,0
3.88888888888889,9,1019,9.35807547648437e-05,1503.44714355469,2369.82177734375,0.0001779695157893,810.010620117188,1.01052606105804,0.0030078,0
3.88888888888889,10,1019,9.35807547648437e-05,1503.44714355469,2369.82177734375,0.0001779695157893,810.010620117188,1.01052606105804,0.0032877,0
4,5,1019,9.35807547648437e-05,1503.44714355469,2369.82177734375,0.0001779695157893,810.010620117188,1.01052606105804,0.0034425,0
4,6,1019,9.35807547648437e-05,1503.44714355469,2369.82177734375,0.0001779695157893,810.010620117188,1.01052606105804,0.0028876,0
4,7,1019,9.35807547648437e-05,1503.44714355469,2369.82177734375,0.0001779695157893,810.010620117188,1.01052606105804,0.0033731,0
4,8,1019,9.35807547648437e-05,1503.44714355469,2369.82177734375,0.0001779695157893,810.010620117188,1.01052606105804,0.0038532,0
4,9,1019,9.35807547648437e-05,1503.44714355469,2369.82177734375,0.0001779695157893,810.010620117188,1.01052606105804,0.0033614,0
4,10,1019,9.35807547648437e-05,1503.44714355469,2369.82177734375,0.0001779695157893,810.010620117188,1.01052606105804,0.003356,0
4.11111111111111,5,1019,9.35807547648437e-05,1503.44714355469,2369.82177734375,0.0001779695157893,810.010620117188,1.01052606105804,0.0056882,0
4.11111111111111,6,1019,9.35807547648437e-05,1503.44714355469,2369.82177734375,0.0001779695157893,810.010620117188,1.01052606105804,0.0052924,0
4.11111111111111,7,1019,9.35807547648437e-05,1503.44714355469,2369.82177734375,0.0001779695157893,810.010620117188,1.01052606105804,0.0060198,0
4.11111111111111,8,1019,9.35807547648437e-05,1503.44714355469,2369.82177734375,0.0001779695157893,810.010620117188,1.01052606105804,0.004674,0
4.11111111111111,9,1019,9.35807547648437e-05,1503.44714355469,2369.82177734375,0.0001779695157893,810.010620117188,1.01052606105804,0.0034737,0
4.11111111111111,10,1019,9.35807547648437e-05,1503.44714355469,2369.82177734375,0.0001779695157893,810.010620117188,1.01052606105804,0.0035483,0
4.22222222222222,5,1019,9.35807547648437e-05,1503.44714355469,2369.82177734375,0.0001779695157893,810.010620117188,1.01052606105804,0.0029541,0
4.22222222222222,6,1019,9.35807547648437e-05,1503.44714355469,2369.82177734375,0.0001779695157893,810.010620117188,1.01052606105804,0.0035528,0
4.22222222222222,7,1019,9.35807547648437e-05,1503.44714355469,2369.82177734375,0.0001779695157893,810.010620117188,1.01052606105804,0.0037652,0
4.22222222222222,8,1019,9.35807547648437e-05,1503.44714355469,2369.82177734375,0.0001779695157893,810.010620117188,1.01052606105804,0.0036237,0
4.22222222222222,9,1019,9.35807547648437e-05,1503.44714355469,2369.82177734375,0.0001779695157893,810.010620117188,1.01052606105804,0.0030925,0
4.22222222222222,10,1019,9.35807547648437e-05,1503.44714355469,2369.82177734375,0.0001779695157893,810.010620117188,1.01052606105804,0.0034913,0
4.33333333333333,5,1019,9.35807547648437e-05,1503.44714355469,2369.82177734375,0.0001779695157893,810.010620117188,1.01052606105804,0.0036445,0
4.33333333333333,6,1019,9.35807547648437e-05,1503.44714355469,2369.82177734375,0.0001779695157893,810.010620117188,1.01052606105804,0.002903,0
4.33333333333333,7,1019,9.35807547648437e-05,1503.44714355469,2369.82177734375,0.0001779695157893,810.010620117188,1.01052606105804,0.0035505,0
4.33333333333333,8,1019,9.35807547648437e-05,1503.44714355469,2369.82177734375,0.0001779695157893,810.010620117188,1.01052606105804,0.0034174,0
4.33333333333333,9,1019,9.35807547648437e-05,1503.44714355469,2369.82177734375,0.0001779695157893,810.010620117188,1.01052606105804,0.0030079,0
4.33333333333333,10,1019,9.35807547648437e-05,1503.44714355469,2369.82177734375,0.0001779695157893,810.010620117188,1.01052606105804,0.0029057,0
4.44444444444444,5,1019,9.35807547648437e-05,1503.44714355469,2369.82177734375,0.0001779695157893,810.010620117188,1.01052606105804,0.0042858,0
4.44444444444444,6,1019,9.35807547648437e-05,1503.44714355469,2369.82177734375,0.0001779695157893,810.010620117188,1.01052606105804,0.0037962,0
4.44444444444444,7,1019,9.35807547648437e-05,1503.44714355469,2369.82177734375,0.0001779695157893,810.010620117188,1.01052606105804,0.003457,0
4.44444444444444,8,1019,9.35807547648437e-05,1503.44714355469,2369.82177734375,0.0001779695157893,810.010620117188,1.01052606105804,0.0033237,0
4.44444444444444,9,1019,9.35807547648437e-05,1503.44714355469,2369.82177734375,0.0001779695157893,810.010620117188,1.01052606105804,0.0033193,0
4.44444444444444,10,1019,9.35807547648437e-05,1503.44714355469,2369.82177734375,0.0001779695157893,810.010620117188,1.01052606105804,0.0028792,0
4.55555555555556,5,1019,9.35807547648437e-05,1503.44714355469,2369.82177734375,0.0001779695157893,810.010620117188,1.01052606105804,0.0031915,0
4.55555555555556,6,1019,9.35807547648437e-05,1503.44714355469,2369.82177734375,0.0001779695157893,810.010620117188,1.01052606105804,0.0033286,0
4.55555555555556,7,1019,9.35807547648437e-05,1503.44714355469,2369.82177734375,0.0001779695157893,810.010620117188,1.01052606105804,0.002982,0
4.55555555555556,8,1019,9.35807547648437e-05,1503.44714355469,2369.82177734375,0.0001779695157893,810.010620117188,1.01052606105804,0.0036393,0
4.55555555555556,9,1019,9.35807547648437e-05,1503.44714355469,2369.82177734375,0.0001779695157893,810.010620117188,1.01052606105804,0.0034508,0
4.55555555555556,10,1019,9.35807547648437e-05,1503.44714355469,2369.82177734375,0.0001779695157893,810.010620117188,1.01052606105804,0.0028489,0
4.66666666666667,5,1019,9.35807547648437e-05,1503.44714355469,2369.82177734375,0.0001779695157893,810.010620117188,1.01052606105804,0.0029064,0
4.66666666666667,6,1019,9.35807547648437e-05,1503.44714355469,2369.82177734375,0.0001779695157893,810.010620117188,1.01052606105804,0.0036531,0
4.66666666666667,7,1019,9.35807547648437e-05,1503.44714355469,2369.82177734375,0.0001779695157893,810.010620117188,1.01052606105804,0.0029371,0
4.66666666666667,8,1019,9.35807547648437e-05,1503.44714355469,2369.82177734375,0.0001779695157893,810.010620117188,1.01052606105804,0.0031005,0
4.66666666666667,9,1019,9.35807547648437e-05,1503.44714355469,2369.82177734375,0.0001779695157893,810.010620117188,1.01052606105804,0.0041252,0
4.66666666666667,10,1019,9.35807547648437e-05,1503.44714355469,2369.82177734375,0.0001779695157893,810.010620117188,1.01052606105804,0.003029,0
4.77777777777778,5,1019,9.35807547648437e-05,1503.44714355469,2369.82177734375,0.0001779695157893,810.010620117188,1.01052606105804,0.0032267,0
4.77777777777778,6,1019,9.35807547648437e-05,1503.44714355469,2369.82177734375,0.0001779695157893,810.010620117188,1.01052606105804,0.0031063,0
4.77777777777778,7,1019,9.35807547648437e-05,1503.44714355469,2369.82177734375,0.0001779695157893,810.010620117188,1.01052606105804,0.0028835,0
4.77777777777778,8,1019,9.35807547648437e-05,1503.44714355469,2369.82177734375,0.0001779695157893,810.010620117188,1.01052606105804,0.0029481,0
4.77777777777778,9,1019,9.35807547648437e-05,1503.44714355469,2369.82177734375,0.0001779695157893,810.010620117188,1.01052606105804,0.0028467,0
4.77777777777778,10,1019,9.35807547648437e-05,1503.44714355469,2369.82177734375,0.0001779695157893,810.010620117188,1.01052606105804,0.0031279,0
4.88888888888889,5,1019,9.35807547648437e-05,1503.44714355469,2369.82177734375,0.0001779695157893,810.010620117188,1.01052606105804,0.0030718,0
4.88888888888889,6,1019,9.35807547648437e-05,1503.44714355469,2369.82177734375,0.0001779695157893,810.010620117188,1.01052606105804,0.0029128,0
4.88888888888889,7,1019,9.35807547648437e-05,1503.44714355469,2369.82177734375,0.0001779695157893,810.010620117188,1.01052606105804,0.0029978,0
4.88888888888889,8,1019,9.35807547648437e-05,1503.44714355469,2369.82177734375,0.0001779695157893,810.010620117188,1.01052606105804,0.0033539,0
4.88888888888889,9,1019,9.35807547648437e-05,1503.44714355469,2369.82177734375,0.0001779695157893,810.010620117188,1.01052606105804,0.002858,0
4.88888888888889,10,1019,9.35807547648437e-05,1503.44714355469,2369.82177734375,0.0001779695157893,810.010620117188,1.01052606105804,0.00293,0
5,5,1019,9.35807547648437e-05,1503.44714355469,2369.82177734375,0.0001779695157893,810.010620117188,1.01052606105804,0.0028346,0
5,6,1019,9.35807547648437e-05,1503.44714355469,2369.82177734375,0.0001779695157893,810.010620117188,1.01052606105804,0.0031169,0
5,7,1019,9.35807547648437e-05,1503.44714355469,2369.82177734375,0.0001779695157893,810.010620117188,1.01052606105804,0.0033124,0
5,8,1019,9.35807547648437e-05,1503.44714355469,2369.82177734375,0.0001779695157893,810.010620117188,1.01052606105804,0.0029048,0
5,9,1019,9.35807547648437e-05,1503.44714355469,2369.82177734375,0.0001779695157893,810.010620117188,1.01052606105804,0.0031043,0
5,10,1019,9.35807547648437e-05,1503.44714355469,2369.82177734375,0.0001779695157893,810.010620117188,1.01052606105804,0.0028701,0
5.11111111111111,5,1019,9.35807547648437e-05,1503.44714355469,2369.82177734375,0.0001779695157893,810.010620117188,1.01052606105804,0.0029151,0
5.11111111111111,6,1019,9.35807547648437e-05,1503.44714355469,2369.82177734375,0.0001779695157893,810.010620117188,1.01052606105804,0.0031849,0
5.11111111111111,7,1019,9.35807547648437e-05,1503.44714355469,2369.82177734375,0.0001779695157893,810.010620117188,1.01052606105804,0.0029508,0
5.11111111111111,8,1019,9.35807547648437e-05,1503.44714355469,2369.82177734375,0.0001779695157893,810.010620117188,1.01052606105804,0.0041293,0
5.11111111111111,9,1019,9.35807547648437e-05,1503.44714355469,2369.82177734375,0.0001779695157893,810.010620117188,1.01052606105804,0.0029572,0
5.11111111111111,10,1019,9.35807547648437e-05,1503.44714355469,2369.82177734375,0.0001779695157893,810.010620117188,1.01052606105804,0.0030409,0
5.22222222222222,5,1019,9.35807547648437e-05,1503.44714355469,2369.82177734375,0.0001779695157893,810.010620117188,1.01052606105804,0.0032866,0
5.22222222222222,6,1019,9.35807547648437e-05,1503.44714355469,2369.82177734375,0.0001779695157893,810.010620117188,1.01052606105804,0.0031765,0
5.22222222222222,7,1019,9.35807547648437e-05,1503.44714355469,2369.82177734375,0.0001779695157893,810.010620117188,1.01052606105804,0.0029235,0
5.22222222222222,8,1019,9.35807547648437e-05,1503.44714355469,2369.82177734375,0.0001779695157893,810.010620117188,1.01052606105804,0.0029133,0
5.22222222222222,9,1019,9.35807547648437e-05,1503.44714355469,2369.82177734375,0.0001779695157893,810.010620117188,1.01052606105804,0.0032811,0
5.22222222222222,10,1019,9.35807547648437e-05,1503.44714355469,2369.82177734375,0.0001779695157893,810.010620117188,1.01052606105804,0.0029341,0
5.33333333333333,5,1019,9.35807547648437e-05,1503.44714355469,2369.82177734375,0.0001779695157893,810.010620117188,1.01052606105804,0.0031047,0
5.33333333333333,6,1019,9.35807547648437e-05,1503.44714355469,2369.82177734375,0.0001779695157893,810.010620117188,1.01052606105804,0.0029103,0
5.33333333333333,7,1019,9.35807547648437e-05,1503.44714355469,2369.82177734375,0.0001779695157893,810.010620117188,1.01052606105804,0.0028821,0
5.33333333333333,8,1019,9.35807547648437e-05,1503.44714355469,2369.82177734375,0.0001779695157893,810.010620117188,1.01052606105804,0.0032495,0
5.33333333333333,9,1019,9.35807547648437e-05,1503.44714355469,2369.82177734375,0.0001779695157893,810.010620117188,1.01052606105804,0.003011,0
5.33333333333333,10,1019,9.35807547648437e-05,1503.44714355469,2369.82177734375,0.0001779695157893,810.010620117188,1.01052606105804,0.00295,0
5.44444444444444,5,1019,9.35807547648437e-05,1503.44714355469,2369.82177734375,0.0001779695157893,810.010620117188,1.01052606105804,0.0028721,0
5.44444444444444,6,1019,9.35807547648437e-05,1503.44714355469,2369.82177734375,0.0001779695157893,810.010620117188,1.01052606105804,0.0028998,0
5.44444444444444,7,1019,9.35807547648437e-05,1503.44714355469,2369.82177734375,0.0001779695157893,810.010620117188,1.01052606105804,0.0044526,0
5.44444444444444,8,1019,9.35807547648437e-05,1503.44714355469,2369.82177734375,0.0001779695157893,810.010620117188,1.01052606105804,0.0031742,0
5.44444444444444,9,1019,9.35807547648437e-05,1503.44714355469,2369.82177734375,0.0001779695157893,810.010620117188,1.01052606105804,0.0039929,0
5.44444444444444,10,1019,9.35807547648437e-05,1503.44714355469,2369.82177734375,0.0001779695157893,810.010620117188,1.01052606105804,0.0054822,0
5.55555555555556,5,1019,9.35807547648437e-05,1503.44714355469,2369.82177734375,0.0001779695157893,810.010620117188,1.01052606105804,0.0055998,0
5.55555555555556,6,1019,9.35807547648437e-05,1503.44714355469,2369.82177734375,0.0001779695157893,810.010620117188,1.01052606105804,0.0040929,0
5.55555555555556,7,1019,9.35807547648437e-05,1503.44714355469,2369.82177734375,0.0001779695157893,810.010620117188,1.01052606105804,0.0044076,0
5.55555555555556,8,1019,9.35807547648437e-05,1503.44714355469,2369.82177734375,0.0001779695157893,810.010620117188,1.01052606105804,0.0039434,0
5.55555555555556,9,1019,9.35807547648437e-05,1503.44714355469,2369.82177734375,0.0001779695157893,810.010620117188,1.01052606105804,0.0045277,0
5.55555555555556,10,1019,9.35807547648437e-05,1503.44714355469,2369.82177734375,0.0001779695157893,810.010620117188,1.01052606105804,0.0060341,0
5.66666666666667,5,1019,9.35807547648437e-05,1503.44714355469,2369.82177734375,0.0001779695157893,810.010620117188,1.01052606105804,0.004942,0
5.66666666666667,6,1019,9.35807547648437e-05,1503.44714355469,2369.82177734375,0.0001779695157893,810.010620117188,1.01052606105804,0.0101905,0
5.66666666666667,7,1019,9.35807547648437e-05,1503.44714355469,2369.82177734375,0.0001779695157893,810.010620117188,1.01052606105804,0.0048555,0
5.66666666666667,8,1019,9.35807547648437e-05,1503.44714355469,2369.82177734375,0.0001779695157893,810.010620117188,1.01052606105804,0.004711,0
5.66666666666667,9,1019,9.35807547648437e-05,1503.44714355469,2369.82177734375,0.0001779695157893,810.010620117188,1.01052606105804,0.0040724,0
5.66666666666667,10,1019,9.35807547648437e-05,1503.44714355469,2369.82177734375,0.0001779695157893,810.010620117188,1.01052606105804,0.0052243,0
5.77777777777778,5,1019,9.35807547648437e-05,1503.44714355469,2369.82177734375,0.0001779695157893,810.010620117188,1.01052606105804,0.0057305,0
5.77777777777778,6,1019,9.35807547648437e-05,1503.44714355469,2369.82177734375,0.0001779695157893,810.010620117188,1.01052606105804,0.0046274,0
5.77777777777778,7,1019,9.35807547648437e-05,1503.44714355469,2369.82177734375,0.0001779695157893,810.010620117188,1.01052606105804,0.0044541,0
5.77777777777778,8,1019,9.35807547648437e-05,1503.44714355469,2369.82177734375,0.0001779695157893,810.010620117188,1.01052606105804,0.0053807,0
5.77777777777778,9,1019,9.35807547648437e-05,1503.44714355469,2369.82177734375,0.0001779695157893,810.010620117188,1.01052606105804,0.0046254,0
5.77777777777778,10,1019,9.35807547648437e-05,1503.44714355469,2369.82177734375,0.0001779695157893,810.010620117188,1.01052606105804,0.0048842,0
5.88888888888889,5,1019,9.35807547648437e-05,1503.44714355469,2369.82177734375,0.0001779695157893,810.010620117188,1.01052606105804,0.0256803,0
5.88888888888889,6,1019,9.35807547648437e-05,1503.44714355469,2369.82177734375,0.0001779695157893,810.010620117188,1.01052606105804,0.0057827,0
5.88888888888889,7,1019,9.35807547648437e-05,1503.44714355469,2369.82177734375,0.0001779695157893,810.010620117188,1.01052606105804,0.005715,0
5.88888888888889,8,1019,9.35807547648437e-05,1503.44714355469,2369.82177734375,0.0001779695157893,810.010620117188,1.01052606105804,0.0053377,0
5.88888888888889,9,1019,9.35807547648437e-05,1503.44714355469,2369.82177734375,0.0001779695157893,810.010620117188,1.01052606105804,0.0054609,0
5.88888888888889,10,1019,9.35807547648437e-05,1503.44714355469,2369.82177734375,0.0001779695157893,810.010620117188,1.01052606105804,0.0060688,0
6,5,1019,9.35807547648437e-05,1503.44714355469,2369.82177734375,0.0001779695157893,810.010620117188,1.01052606105804,0.0056579,0
6,6,1019,9.35807547648437e-05,1503.44714355469,2369.82177734375,0.0001779695157893,810.010620117188,1.01052606105804,0.0052769,0
6,7,1019,9.35807547648437e-05,1503.44714355469,2369.82177734375,0.0001779695157893,810.010620117188,1.01052606105804,0.0039268,0
6,8,1019,9.35807547648437e-05,1503.44714355469,2369.82177734375,0.0001779695157893,810.010620117188,1.01052606105804,0.0036314,0
6,9,1019,9.35807547648437e-05,1503.44714355469,2369.82177734375,0.0001779695157893,810.010620117188,1.01052606105804,0.0054025,0
6,10,1019,9.35807547648437e-05,1503.44714355469,2369.82177734375,0.0001779695157893,810.010620117188,1.01052606105804,0.005238,0
6.11111111111111,5,1019,9.35807547648437e-05,1503.44714355469,2369.82177734375,0.0001779695157893,810.010620117188,1.01052606105804,0.0045598,0
6.11111111111111,6,1019,9.35807547648437e-05,1503.44714355469,2369.82177734375,0.0001779695157893,810.010620117188,1.01052606105804,0.0056765,0
6.11111111111111,7,1019,9.35807547648437e-05,1503.44714355469,2369.82177734375,0.0001779695157893,810.010620117188,1.01052606105804,0.005635,0
6.11111111111111,8,1019,9.35807547648437e-05,1503.44714355469,2369.82177734375,0.0001779695157893,810.010620117188,1.01052606105804,0.0048301,0
6.11111111111111,9,1019,9.35807547648437e-05,1503.44714355469,2369.82177734375,0.0001779695157893,810.010620117188,1.01052606105804,0.0039344,0
6.11111111111111,10,1019,9.35807547648437e-05,1503.44714355469,2369.82177734375,0.0001779695157893,810.010620117188,1.01052606105804,0.0041602,0
6.22222222222222,5,1019,9.35807547648437e-05,1503.44714355469,2369.82177734375,0.0001779695157893,810.010620117188,1.01052606105804,0.0043824,0
6.22222222222222,6,1019,9.35807547648437e-05,1503.44714355469,2369.82177734375,0.0001779695157893,810.010620117188,1.01052606105804,0.0035317,0
6.22222222222222,7,1019,9.35807547648437e-05,1503.44714355469,2369.82177734375,0.0001779695157893,810.010620117188,1.01052606105804,0.0029012,0
6.22222222222222,8,1019,9.35807547648437e-05,1503.44714355469,2369.82177734375,0.0001779695157893,810.010620117188,1.01052606105804,0.0030974,0
6.22222222222222,9,1019,9.35807547648437e-05,1503.44714355469,2369.82177734375,0.0001779695157893,810.010620117188,1.01052606105804,0.0028662,0
6.22222222222222,10,1019,9.35807547648437e-05,1503.44714355469,2369.82177734375,0.0001779695157893,810.010620117188,1.01052606105804,0.0028445,0
6.33333333333333,5,1019,9.35807547648437e-05,1503.44714355469,2369.82177734375,0.0001779695157893,810.010620117188,1.01052606105804,0.0029321,0
6.33333333333333,6,1019,9.35807547648437e-05,1503.44714355469,2369.82177734375,0.0001779695157893,810.010620117188,1.01052606105804,0.0029374,0
6.33333333333333,7,1019,9.35807547648437e-05,1503.44714355469,2369.82177734375,0.0001779695157893,810.010620117188,1.01052606105804,0.0028651,0
6.33333333333333,8,1019,9.35807547648437e-05,1503.44714355469,2369.82177734375,0.0001779695157893,810.010620117188,1.01052606105804,0.0028682,0
6.33333333333333,9,1019,9.35807547648437e-05,1503.44714355469,2369.82177734375,0.0001779695157893,810.010620117188,1.01052606105804,0.0029782,0
6.33333333333333,10,1019,9.35807547648437e-05,1503.44714355469,2369.82177734375,0.0001779695157893,810.010620117188,1.01052606105804,0.0029979,0
6.44444444444444,5,1019,9.35807547648437e-05,1503.44714355469,2369.82177734375,0.0001779695157893,810.010620117188,1.01052606105804,0.0028867,0
6.44444444444444,6,1019,9.35807547648437e-05,1503.44714355469,2369.82177734375,0.0001779695157893,810.010620117188,1.01052606105804,0.0029016,0
6.44444444444444,7,1019,9.35807547648437e-05,1503.44714355469,2369.82177734375,0.0001779695157893,810.010620117188,1.01052606105804,0.0034832,0
6.44444444444444,8,1019,9.35807547648437e-05,1503.44714355469,2369.82177734375,0.0001779695157893,810.010620117188,1.01052606105804,0.0029659,0
6.44444444444444,9,1019,9.35807547648437e-05,1503.44714355469,2369.82177734375,0.0001779695157893,810.010620117188,1.01052606105804,0.0033265,0
6.44444444444444,10,1019,9.35807547648437e-05,1503.44714355469,2369.82177734375,0.0001779695157893,810.010620117188,1.01052606105804,0.0028456,0
6.55555555555556,5,1019,9.35807547648437e-05,1503.44714355469,2369.82177734375,0.0001779695157893,810.010620117188,1.01052606105804,0.0031524,0
6.55555555555556,6,1019,9.35807547648437e-05,1503.44714355469,2369.82177734375,0.0001779695157893,810.010620117188,1.01052606105804,0.0039531,0
6.55555555555556,7,1019,9.35807547648437e-05,1503.44714355469,2369.82177734375,0.0001779695157893,810.010620117188,1.01052606105804,0.0039967,0
6.55555555555556,8,1019,9.35807547648437e-05,1503.44714355469,2369.82177734375,0.0001779695157893,810.010620117188,1.01052606105804,0.0028911,0
6.55555555555556,9,1019,9.35807547648437e-05,1503.44714355469,2369.82177734375,0.0001779695157893,810.010620117188,1.01052606105804,0.0028433,0
6.55555555555556,10,1019,9.35807547648437e-05,1503.44714355469,2369.82177734375,0.0001779695157893,810.010620117188,1.01052606105804,0.0029207,0
6.66666666666667,5,1019,9.35807547648437e-05,1503.44714355469,2369.82177734375,0.0001779695157893,810.010620117188,1.01052606105804,0.0031631,0
6.66666666666667,6,1019,9.35807547648437e-05,1503.44714355469,2369.82177734375,0.0001779695157893,810.010620117188,1.01052606105804,0.0032534,0
6.66666666666667,7,1019,9.35807547648437e-05,1503.44714355469,2369.82177734375,0.0001779695157893,810.010620117188,1.01052606105804,0.002915,0
6.66666666666667,8,1019,9.35807547648437e-05,1503.44714355469,2369.82177734375,0.0001779695157893,810.010620117188,1.01052606105804,0.0028359,0
6.66666666666667,9,1019,9.35807547648437e-05,1503.44714355469,2369.82177734375,0.0001779695157893,810.010620117188,1.01052606105804,0.0060965,0
6.66666666666667,10,1019,9.35807547648437e-05,1503.44714355469,2369.82177734375,0.0001779695157893,810.010620117188,1.01052606105804,0.0037308,0
6.77777777777778,5,1019,9.35807547648437e-05,1503.44714355469,2369.82177734375,0.0001779695157893,810.010620117188,1.01052606105804,0.0053114,0
6.77777777777778,6,1019,9.35807547648437e-05,1503.44714355469,2369.82177734375,0.0001779695157893,810.010620117188,1.01052606105804,0.003787,0
6.77777777777778,7,1019,9.35807547648437e-05,1503.44714355469,2369.82177734375,0.0001779695157893,810.010620117188,1.01052606105804,0.0028533,0
6.77777777777778,8,1019,9.35807547648437e-05,1503.44714355469,2369.82177734375,0.0001779695157893,810.010620117188,1.01052606105804,0.003057,0
6.77777777777778,9,1019,9.35807547648437e-05,1503.44714355469,2369.82177734375,0.0001779695157893,810.010620117188,1.01052606105804,0.0028274,0
6.77777777777778,10,1019,9.35807547648437e-05,1503.44714355469,2369.82177734375,0.0001779695157893,810.010620117188,1.01052606105804,0.0028588,0
6.88888888888889,5,1019,9.35807547648437e-05,1503.44714355469,2369.82177734375,0.0001779695157893,810.010620117188,1.01052606105804,0.0028325,0
6.88888888888889,6,1019,9.35807547648437e-05,1503.44714355469,2369.82177734375,0.0001779695157893,810.010620117188,1.01052606105804,0.0028929,0
6.88888888888889,7,1019,9.35807547648437e-05,1503.44714355469,2369.82177734375,0.0001779695157893,810.010620117188,1.01052606105804,0.002848,0
6.88888888888889,8,1019,9.35807547648437e-05,1503.44714355469,2369.82177734375,0.0001779695157893,810.010620117188,1.01052606105804,0.0028178,0
6.88888888888889,9,1019,9.35807547648437e-05,1503.44714355469,2369.82177734375,0.0001779695157893,810.010620117188,1.01052606105804,0.002814,0
6.88888888888889,10,1019,9.35807547648437e-05,1503.44714355469,2369.82177734375,0.0001779695157893,810.010620117188,1.01052606105804,0.0029848,0
7,5,1019,9.35807547648437e-05,1503.44714355469,2369.82177734375,0.0001779695157893,810.010620117188,1.01052606105804,0.0028706,0
7,6,1019,9.35807547648437e-05,1503.44714355469,2369.82177734375,0.0001779695157893,810.010620117188,1.01052606105804,0.0029423,0
7,7,1019,9.35807547648437e-05,1503.44714355469,2369.82177734375,0.0001779695157893,810.010620117188,1.01052606105804,0.0035118,0
7,8,1019,9.35807547648437e-05,1503.44714355469,2369.82177734375,0.0001779695157893,810.010620117188,1.01052606105804,0.003367,0
7,9,1019,9.35807547648437e-05,1503.44714355469,2369.82177734375,0.0001779695157893,810.010620117188,1.01052606105804,0.0029801,0
7,10,1019,9.35807547648437e-05,1503.44714355469,2369.82177734375,0.0001779695157893,810.010620117188,1.01052606105804,0.0031505,0
7.11111111111111,5,1019,9.35807547648437e-05,1503.44714355469,2369.82177734375,0.0001779695157893,810.010620117188,1.01052606105804,0.0029157,0
7.11111111111111,6,1019,9.35807547648437e-05,1503.44714355469,2369.82177734375,0.0001779695157893,810.010620117188,1.01052606105804,0.0029708,0
7.11111111111111,7,1019,9.35807547648437e-05,1503.44714355469,2369.82177734375,0.0001779695157893,810.010620117188,1.01052606105804,0.002838,0
7.11111111111111,8,1019,9.35807547648437e-05,1503.44714355469,2369.82177734375,0.0001779695157893,810.010620117188,1.01052606105804,0.0030898,0
7.11111111111111,9,1019,9.35807547648437e-05,1503.44714355469,2369.82177734375,0.0001779695157893,810.010620117188,1.01052606105804,0.0034657,0
7.11111111111111,10,1019,9.35807547648437e-05,1503.44714355469,2369.82177734375,0.0001779695157893,810.010620117188,1.01052606105804,0.005175,0
7.22222222222222,5,1019,9.35807547648437e-05,1503.44714355469,2369.82177734375,0.0001779695157893,810.010620117188,1.01052606105804,0.0050593,0
7.22222222222222,6,1019,9.35807547648437e-05,1503.44714355469,2369.82177734375,0.0001779695157893,810.010620117188,1.01052606105804,0.00497,0
7.22222222222222,7,1019,9.35807547648437e-05,1503.44714355469,2369.82177734375,0.0001779695157893,810.010620117188,1.01052606105804,0.0052317,0
7.22222222222222,8,1019,9.35807547648437e-05,1503.44714355469,2369.82177734375,0.0001779695157893,810.010620117188,1.01052606105804,0.0039749,0
7.22222222222222,9,1019,9.35807547648437e-05,1503.44714355469,2369.82177734375,0.0001779695157893,810.010620117188,1.01052606105804,0.0035599,0
7.22222222222222,10,1019,9.35807547648437e-05,1503.44714355469,2369.82177734375,0.0001779695157893,810.010620117188,1.01052606105804,0.00491,0
7.33333333333333,5,1019,9.35807547648437e-05,1503.44714355469,2369.82177734375,0.0001779695157893,810.010620117188,1.01052606105804,0.0041073,0
7.33333333333333,6,1019,9.35807547648437e-05,1503.44714355469,2369.82177734375,0.0001779695157893,810.010620117188,1.01052606105804,0.005858,0
7.33333333333333,7,1019,9.35807547648437e-05,1503.44714355469,2369.82177734375,0.0001779695157893,810.010620117188,1.01052606105804,0.0060397,0
7.33333333333333,8,1019,9.35807547648437e-05,1503.44714355469,2369.82177734375,0.0001779695157893,810.010620117188,1.01052606105804,0.0055117,0
7.33333333333333,9,1019,9.35807547648437e-05,1503.44714355469,2369.82177734375,0.0001779695157893,810.010620117188,1.01052606105804,0.0050996,0
7.33333333333333,10,1019,9.35807547648437e-05,1503.44714355469,2369.82177734375,0.0001779695157893,810.010620117188,1.01052606105804,0.0047814,0
7.44444444444444,5,1019,9.35807547648437e-05,1503.44714355469,2369.82177734375,0.0001779695157893,810.010620117188,1.01052606105804,0.0051403,0
7.44444444444444,6,1019,9.35807547648437e-05,1503.44714355469,2369.82177734375,0.0001779695157893,810.010620117188,1.01052606105804,0.0050829,0
7.44444444444444,7,1019,9.35807547648437e-05,1503.44714355469,2369.82177734375,0.0001779695157893,810.010620117188,1.01052606105804,0.0030566,0
7.44444444444444,8,1019,9.35807547648437e-05,1503.44714355469,2369.82177734375,0.0001779695157893,810.010620117188,1.01052606105804,0.0028948,0
7.44444444444444,9,1019,9.35807547648437e-05,1503.44714355469,2369.82177734375,0.0001779695157893,810.010620117188,1.01052606105804,0.0036223,0
7.44444444444444,10,1019,9.35807547648437e-05,1503.44714355469,2369.82177734375,0.0001779695157893,810.010620117188,1.01052606105804,0.0038584,0
7.55555555555556,5,1019,9.35807547648437e-05,1503.44714355469,2369.82177734375,0.0001779695157893,810.010620117188,1.01052606105804,0.002922,0
7.55555555555556,6,1019,9.35807547648437e-05,1503.44714355469,2369.82177734375,0.0001779695157893,810.010620117188,1.01052606105804,0.0032975,0
7.55555555555556,7,1019,9.35807547648437e-05,1503.44714355469,2369.82177734375,0.0001779695157893,810.010620117188,1.01052606105804,0.0030527,0
7.55555555555556,8,1019,9.35807547648437e-05,1503.44714355469,2369.82177734375,0.0001779695157893,810.010620117188,1.01052606105804,0.0033714,0
7.55555555555556,9,1019,9.35807547648437e-05,1503.44714355469,2369.82177734375,0.0001779695157893,810.010620117188,1.01052606105804,0.0033157,0
7.55555555555556,10,1019,9.35807547648437e-05,1503.44714355469,2369.82177734375,0.0001779695157893,810.010620117188,1.01052606105804,0.0029989,0
7.66666666666667,5,1019,9.35807547648437e-05,1503.44714355469,2369.82177734375,0.0001779695157893,810.010620117188,1.01052606105804,0.0028724,0
7.66666666666667,6,1019,9.35807547648437e-05,1503.44714355469,2369.82177734375,0.0001779695157893,810.010620117188,1.01052606105804,0.0032808,0
7.66666666666667,7,1019,9.35807547648437e-05,1503.44714355469,2369.82177734375,0.0001779695157893,810.010620117188,1.01052606105804,0.0030776,0
7.66666666666667,8,1019,9.35807547648437e-05,1503.44714355469,2369.82177734375,0.0001779695157893,810.010620117188,1.01052606105804,0.0031124,0
7.66666666666667,9,1019,9.35807547648437e-05,1503.44714355469,2369.82177734375,0.0001779695157893,810.010620117188,1.01052606105804,0.003297,0
7.66666666666667,10,1019,9.35807547648437e-05,1503.44714355469,2369.82177734375,0.0001779695157893,810.010620117188,1.01052606105804,0.0028781,0
7.77777777777778,5,1019,9.35807547648437e-05,1503.44714355469,2369.82177734375,0.0001779695157893,810.010620117188,1.01052606105804,0.004314,0
7.77777777777778,6,1019,9.35807547648437e-05,1503.44714355469,2369.82177734375,0.0001779695157893,810.010620117188,1.01052606105804,0.0033881,0
7.77777777777778,7,1019,9.35807547648437e-05,1503.44714355469,2369.82177734375,0.0001779695157893,810.010620117188,1.01052606105804,0.0039678,0
7.77777777777778,8,1019,9.35807547648437e-05,1503.44714355469,2369.82177734375,0.0001779695157893,810.010620117188,1.01052606105804,0.0030818,0
7.77777777777778,9,1019,9.35807547648437e-05,1503.44714355469,2369.82177734375,0.0001779695157893,810.010620117188,1.01052606105804,0.00316,0
7.77777777777778,10,1019,9.35807547648437e-05,1503.44714355469,2369.82177734375,0.0001779695157893,810.010620117188,1.01052606105804,0.003348,0
7.88888888888889,5,1019,9.35807547648437e-05,1503.44714355469,2369.82177734375,0.0001779695157893,810.010620117188,1.01052606105804,0.0046136,0
7.88888888888889,6,1019,9.35807547648437e-05,1503.44714355469,2369.82177734375,0.0001779695157893,810.010620117188,1.01052606105804,0.0033174,0
7.88888888888889,7,1019,9.35807547648437e-05,1503.44714355469,2369.82177734375,0.0001779695157893,810.010620117188,1.01052606105804,0.0038229,0
7.88888888888889,8,1019,9.35807547648437e-05,1503.44714355469,2369.82177734375,0.0001779695157893,810.010620117188,1.01052606105804,0.0033971,0
7.88888888888889,9,1019,9.35807547648437e-05,1503.44714355469,2369.82177734375,0.0001779695157893,810.010620117188,1.01052606105804,0.002977,0
7.88888888888889,10,1019,9.35807547648437e-05,1503.44714355469,2369.82177734375,0.0001779695157893,810.010620117188,1.01052606105804,0.0028191,0
8,5,1019,9.35807547648437e-05,1503.44714355469,2369.82177734375,0.0001779695157893,810.010620117188,1.01052606105804,0.0029091,0
8,6,1019,9.35807547648437e-05,1503.44714355469,2369.82177734375,0.0001779695157893,810.010620117188,1.01052606105804,0.0030924,0
8,7,1019,9.35807547648437e-05,1503.44714355469,2369.82177734375,0.0001779695157893,810.010620117188,1.01052606105804,0.00296,0
8,8,1019,9.35807547648437e-05,1503.44714355469,2369.82177734375,0.0001779695157893,810.010620117188,1.01052606105804,0.0031888,0
8,9,1019,9.35807547648437e-05,1503.44714355469,2369.82177734375,0.0001779695157893,810.010620117188,1.01052606105804,0.0032428,0
8,10,1019,9.35807547648437e-05,1503.44714355469,2369.82177734375,0.0001779695157893,810.010620117188,1.01052606105804,0.0028753,0
8.11111111111111,5,1019,9.35807547648437e-05,1503.44714355469,2369.82177734375,0.0001779695157893,810.010620117188,1.01052606105804,0.0028651,0
8.11111111111111,6,1019,9.35807547648437e-05,1503.44714355469,2369.82177734375,0.0001779695157893,810.010620117188,1.01052606105804,0.0031962,0
8.11111111111111,7,1019,9.35807547648437e-05,1503.44714355469,2369.82177734375,0.0001779695157893,810.010620117188,1.01052606105804,0.0028259,0
8.11111111111111,8,1019,9.35807547648437e-05,1503.44714355469,2369.82177734375,0.0001779695157893,810.010620117188,1.01052606105804,0.0028256,0
8.11111111111111,9,1019,9.35807547648437e-05,1503.44714355469,2369.82177734375,0.0001779695157893,810.010620117188,1.01052606105804,0.0028302,0
8.11111111111111,10,1019,9.35807547648437e-05,1503.44714355469,2369.82177734375,0.0001779695157893,810.010620117188,1.01052606105804,0.0031064,0
8.22222222222222,5,1019,9.35807547648437e-05,1503.44714355469,2369.82177734375,0.0001779695157893,810.010620117188,1.01052606105804,0.0028357,0
8.22222222222222,6,1019,9.35807547648437e-05,1503.44714355469,2369.82177734375,0.0001779695157893,810.010620117188,1.01052606105804,0.0028251,0
8.22222222222222,7,1019,9.35807547648437e-05,1503.44714355469,2369.82177734375,0.0001779695157893,810.010620117188,1.01052606105804,0.0028078,0
8.22222222222222,8,1019,9.35807547648437e-05,1503.44714355469,2369.82177734375,0.0001779695157893,810.010620117188,1.01052606105804,0.0030064,0
8.22222222222222,9,1019,9.35807547648437e-05,1503.44714355469,2369.82177734375,0.0001779695157893,810.010620117188,1.01052606105804,0.0029865,0
8.22222222222222,10,1019,9.35807547648437e-05,1503.44714355469,2369.82177734375,0.0001779695157893,810.010620117188,1.01052606105804,0.0030731,0
8.33333333333333,5,1019,9.35807547648437e-05,1503.44714355469,2369.82177734375,0.0001779695157893,810.010620117188,1.01052606105804,0.0038527,0
8.33333333333333,6,1019,9.35807547648437e-05,1503.44714355469,2369.82177734375,0.0001779695157893,810.010620117188,1.01052606105804,0.002987,0
8.33333333333333,7,1019,9.35807547648437e-05,1503.44714355469,2369.82177734375,0.0001779695157893,810.010620117188,1.01052606105804,0.0032464,0
8.33333333333333,8,1019,9.35807547648437e-05,1503.44714355469,2369.82177734375,0.0001779695157893,810.010620117188,1.01052606105804,0.0028839,0
8.33333333333333,9,1019,9.35807547648437e-05,1503.44714355469,2369.82177734375,0.0001779695157893,810.010620117188,1.01052606105804,0.0028682,0
8.33333333333333,10,1019,9.35807547648437e-05,1503.44714355469,2369.82177734375,0.0001779695157893,810.010620117188,1.01052606105804,0.0028412,0
8.44444444444444,5,1019,9.35807547648437e-05,1503.44714355469,2369.82177734375,0.0001779695157893,810.010620117188,1.01052606105804,0.0028601,0
8.44444444444444,6,1019,9.35807547648437e-05,1503.44714355469,2369.82177734375,0.0001779695157893,810.010620117188,1.01052606105804,0.0032953,0
8.44444444444444,7,1019,9.35807547648437e-05,1503.44714355469,2369.82177734375,0.0001779695157893,810.010620117188,1.01052606105804,0.0028957,0
8.44444444444444,8,1019,9.35807547648437e-05,1503.44714355469,2369.82177734375,0.0001779695157893,810.010620117188,1.01052606105804,0.0028579,0
8.44444444444444,9,1019,9.35807547648437e-05,1503.44714355469,2369.82177734375,0.0001779695157893,810.010620117188,1.01052606105804,0.0028481,0
8.44444444444444,10,1019,9.35807547648437e-05,1503.44714355469,2369.82177734375,0.0001779695157893,810.010620117188,1.01052606105804,0.0032613,0
8.55555555555556,5,1019,9.35807547648437e-05,1503.44714355469,2369.82177734375,0.0001779695157893,810.010620117188,1.01052606105804,0.0029827,0
8.55555555555556,6,1019,9.35807547648437e-05,1503.44714355469,2369.82177734375,0.0001779695157893,810.010620117188,1.01052606105804,0.0028792,0
8.55555555555556,7,1019,9.35807547648437e-05,1503.44714355469,2369.82177734375,0.0001779695157893,810.010620117188,1.01052606105804,0.0028898,0
8.55555555555556,8,1019,9.35807547648437e-05,1503.44714355469,2369.82177734375,0.0001779695157893,810.010620117188,1.01052606105804,0.0031062,0
8.55555555555556,9,1019,9.35807547648437e-05,1503.44714355469,2369.82177734375,0.0001779695157893,810.010620117188,1.01052606105804,0.0028391,0
8.55555555555556,10,1019,9.35807547648437e-05,1503.44714355469,2369.82177734375,0.0001779695157893,810.010620117188,1.01052606105804,0.0030217,0
8.66666666666667,5,1019,9.35807547648437e-05,1503.44714355469,2369.82177734375,0.0001779695157893,810.010620117188,1.01052606105804,0.0028433,0
8.66666666666667,6,1019,9.35807547648437e-05,1503.44714355469,2369.82177734375,0.0001779695157893,810.010620117188,1.01052606105804,0.0037601,0
8.66666666666667,7,1019,9.35807547648437e-05,1503.44714355469,2369.82177734375,0.0001779695157893,810.010620117188,1.01052606105804,0.0031264,0
8.66666666666667,8,1019,9.35807547648437e-05,1503.44714355469,2369.82177734375,0.0001779695157893,810.010620117188,1.01052606105804,0.0029523,0
8.66666666666667,9,1019,9.35807547648437e-05,1503.44714355469,2369.82177734375,0.0001779695157893,810.010620117188,1.01052606105804,0.0031687,0
8.66666666666667,10,1019,9.35807547648437e-05,1503.44714355469,2369.82177734375,0.0001779695157893,810.010620117188,1.01052606105804,0.0028419,0
8.77777777777778,5,1019,9.35807547648437e-05,1503.44714355469,2369.82177734375,0.0001779695157893,810.010620117188,1.01052606105804,0.002825,0
8.77777777777778,6,1019,9.35807547648437e-05,1503.44714355469,2369.82177734375,0.0001779695157893,810.010620117188,1.01052606105804,0.002859,0
8.77777777777778,7,1019,9.35807547648437e-05,1503.44714355469,2369.82177734375,0.0001779695157893,810.010620117188,1.01052606105804,0.0030549,0
8.77777777777778,8,1019,9.35807547648437e-05,1503.44714355469,2369.82177734375,0.0001779695157893,810.010620117188,1.01052606105804,0.0034414,0
8.77777777777778,9,1019,9.35807547648437e-05,1503.44714355469,2369.82177734375,0.0001779695157893,810.010620117188,1.01052606105804,0.0028459,0
8.77777777777778,10,1019,9.35807547648437e-05,1503.44714355469,2369.82177734375,0.0001779695157893,810.010620117188,1.01052606105804,0.0028608,0
8.88888888888889,5,1019,9.35807547648437e-05,1503.44714355469,2369.82177734375,0.0001779695157893,810.010620117188,1.01052606105804,0.0028523,0
8.88888888888889,6,1019,9.35807547648437e-05,1503.44714355469,2369.82177734375,0.0001779695157893,810.010620117188,1.01052606105804,0.0028151,0
8.88888888888889,7,1019,9.35807547648437e-05,1503.44714355469,2369.82177734375,0.0001779695157893,810.010620117188,1.01052606105804,0.0029016,0
8.88888888888889,8,1019,9.35807547648437e-05,1503.44714355469,2369.82177734375,0.0001779695157893,810.010620117188,1.01052606105804,0.0029156,0
8.88888888888889,9,1019,9.35807547648437e-05,1503.44714355469,2369.82177734375,0.0001779695157893,810.010620117188,1.01052606105804,0.0028738,0
8.88888888888889,10,1019,9.35807547648437e-05,1503.44714355469,2369.82177734375,0.0001779695157893,810.010620117188,1.01052606105804,0.0028221,0
9,5,1019,9.35807547648437e-05,1503.44714355469,2369.82177734375,0.0001779695157893,810.010620117188,1.01052606105804,0.0028448,0
9,6,1019,9.35807547648437e-05,1503.44714355469,2369.82177734375,0.0001779695157893,810.010620117188,1.01052606105804,0.0029963,0
9,7,1019,9.35807547648437e-05,1503.44714355469,2369.82177734375,0.0001779695157893,810.010620117188,1.01052606105804,0.0028429,0
9,8,1019,9.35807547648437e-05,1503.44714355469,2369.82177734375,0.0001779695157893,810.010620117188,1.01052606105804,0.0028069,0
9,9,1019,9.35807547648437e-05,1503.44714355469,2369.82177734375,0.0001779695157893,810.010620117188,1.01052606105804,0.0028183,0
9,10,1019,9.35807547648437e-05,1503.44714355469,2369.82177734375,0.0001779695157893,810.010620117188,1.01052606105804,0.0029373,0
9.11111111111111,5,1019,9.35807547648437e-05,1503.44714355469,2369.82177734375,0.0001779695157893,810.010620117188,1.01052606105804,0.0029376,0
9.11111111111111,6,1019,9.35807547648437e-05,1503.44714355469,2369.82177734375,0.0001779695157893,810.010620117188,1.01052606105804,0.0028081,0
9.11111111111111,7,1019,9.35807547648437e-05,1503.44714355469,2369.82177734375,0.0001779695157893,810.010620117188,1.01052606105804,0.0028559,0
9.11111111111111,8,1019,9.35807547648437e-05,1503.44714355469,2369.82177734375,0.0001779695157893,810.010620117188,1.01052606105804,0.0029778,0
9.11111111111111,9,1019,9.35807547648437e-05,1503.44714355469,2369.82177734375,0.0001779695157893,810.010620117188,1.01052606105804,0.0028184,0
9.11111111111111,10,1019,9.35807547648437e-05,1503.44714355469,2369.82177734375,0.0001779695157893,810.010620117188,1.01052606105804,0.0040171,0
9.22222222222222,5,1019,9.35807547648437e-05,1503.44714355469,2369.82177734375,0.0001779695157893,810.010620117188,1.01052606105804,0.0048748,0
9.22222222222222,6,1019,9.35807547648437e-05,1503.44714355469,2369.82177734375,0.0001779695157893,810.010620117188,1.01052606105804,0.0037897,0
9.22222222222222,7,1019,9.35807547648437e-05,1503.44714355469,2369.82177734375,0.0001779695157893,810.010620117188,1.01052606105804,0.0029857,0
9.22222222222222,8,1019,9.35807547648437e-05,1503.44714355469,2369.82177734375,0.0001779695157893,810.010620117188,1.01052606105804,0.0052887,0
9.22222222222222,9,1019,9.35807547648437e-05,1503.44714355469,2369.82177734375,0.0001779695157893,810.010620117188,1.01052606105804,0.0036924,0
9.22222222222222,10,1019,9.35807547648437e-05,1503.44714355469,2369.82177734375,0.0001779695157893,810.010620117188,1.01052606105804,0.0042882,0
9.33333333333333,5,1019,9.35807547648437e-05,1503.44714355469,2369.82177734375,0.0001779695157893,810.010620117188,1.01052606105804,0.0036671,0
9.33333333333333,6,1019,9.35807547648437e-05,1503.44714355469,2369.82177734375,0.0001779695157893,810.010620117188,1.01052606105804,0.003191,0
9.33333333333333,7,1019,9.35807547648437e-05,1503.44714355469,2369.82177734375,0.0001779695157893,810.010620117188,1.01052606105804,0.0039252,0
9.33333333333333,8,1019,9.35807547648437e-05,1503.44714355469,2369.82177734375,0.0001779695157893,810.010620117188,1.01052606105804,0.0050416,0
9.33333333333333,9,1019,9.35807547648437e-05,1503.44714355469,2369.82177734375,0.0001779695157893,810.010620117188,1.01052606105804,0.0045035,0
9.33333333333333,10,1019,9.35807547648437e-05,1503.44714355469,2369.82177734375,0.0001779695157893,810.010620117188,1.01052606105804,0.0042957,0
9.44444444444444,5,1019,9.35807547648437e-05,1503.44714355469,2369.82177734375,0.0001779695157893,810.010620117188,1.01052606105804,0.0040164,0
9.44444444444444,6,1019,9.35807547648437e-05,1503.44714355469,2369.82177734375,0.0001779695157893,810.010620117188,1.01052606105804,0.003404,0
9.44444444444444,7,1019,9.35807547648437e-05,1503.44714355469,2369.82177734375,0.0001779695157893,810.010620117188,1.01052606105804,0.0031924,0
9.44444444444444,8,1019,9.35807547648437e-05,1503.44714355469,2369.82177734375,0.0001779695157893,810.010620117188,1.01052606105804,0.0030545,0
9.44444444444444,9,1019,9.35807547648437e-05,1503.44714355469,2369.82177734375,0.0001779695157893,810.010620117188,1.01052606105804,0.0030642,0
9.44444444444444,10,1019,9.35807547648437e-05,1503.44714355469,2369.82177734375,0.0001779695157893,810.010620117188,1.01052606105804,0.0033431,0
9.55555555555556,5,1019,9.35807547648437e-05,1503.44714355469,2369.82177734375,0.0001779695157893,810.010620117188,1.01052606105804,0.0029489,0
9.55555555555556,6,1019,9.35807547648437e-05,1503.44714355469,2369.82177734375,0.0001779695157893,810.010620117188,1.01052606105804,0.0029828,0
9.55555555555556,7,1019,9.35807547648437e-05,1503.44714355469,2369.82177734375,0.0001779695157893,810.010620117188,1.01052606105804,0.0032577,0
9.55555555555556,8,1019,9.35807547648437e-05,1503.44714355469,2369.82177734375,0.0001779695157893,810.010620117188,1.01052606105804,0.0031384,0
9.55555555555556,9,1019,9.35807547648437e-05,1503.44714355469,2369.82177734375,0.0001779695157893,810.010620117188,1.01052606105804,0.0031988,0
9.55555555555556,10,1019,9.35807547648437e-05,1503.44714355469,2369.82177734375,0.0001779695157893,810.010620117188,1.01052606105804,0.0033333,0
9.66666666666667,5,1019,9.35807547648437e-05,1503.44714355469,2369.82177734375,0.0001779695157893,810.010620117188,1.01052606105804,0.0033074,0
9.66666666666667,6,1019,9.35807547648437e-05,1503.44714355469,2369.82177734375,0.0001779695157893,810.010620117188,1.01052606105804,0.003005,0
9.66666666666667,7,1019,9.35807547648437e-05,1503.44714355469,2369.82177734375,0.0001779695157893,810.010620117188,1.01052606105804,0.0030038,0
9.66666666666667,8,1019,9.35807547648437e-05,1503.44714355469,2369.82177734375,0.0001779695157893,810.010620117188,1.01052606105804,0.0033322,0
9.66666666666667,9,1019,9.35807547648437e-05,1503.44714355469,2369.82177734375,0.0001779695157893,810.010620117188,1.01052606105804,0.0029701,0
9.66666666666667,10,1019,9.35807547648437e-05,1503.44714355469,2369.82177734375,0.0001779695157893,810.010620117188,1.01052606105804,0.0030843,0
9.77777777777778,5,1019,9.35807547648437e-05,1503.44714355469,2369.82177734375,0.0001779695157893,810.010620117188,1.01052606105804,0.0031348,0
9.77777777777778,6,1019,9.35807547648437e-05,1503.44714355469,2369.82177734375,0.0001779695157893,810.010620117188,1.01052606105804,0.0036163,0
9.77777777777778,7,1019,9.35807547648437e-05,1503.44714355469,2369.82177734375,0.0001779695157893,810.010620117188,1.01052606105804,0.0030791,0
9.77777777777778,8,1019,9.35807547648437e-05,1503.44714355469,2369.82177734375,0.0001779695157893,810.010620117188,1.01052606105804,0.0031535,0
9.77777777777778,9,1019,9.35807547648437e-05,1503.44714355469,2369.82177734375,0.0001779695157893,810.010620117188,1.01052606105804,0.0053395,0
9.77777777777778,10,1019,9.35807547648437e-05,1503.44714355469,2369.82177734375,0.0001779695157893,810.010620117188,1.01052606105804,0.0043372,0
9.88888888888889,5,1019,9.35807547648437e-05,1503.44714355469,2369.82177734375,0.0001779695157893,810.010620117188,1.01052606105804,0.0043056,0
9.88888888888889,6,1019,9.35807547648437e-05,1503.44714355469,2369.82177734375,0.0001779695157893,810.010620117188,1.01052606105804,0.0047919,0
9.88888888888889,7,1019,9.35807547648437e-05,1503.44714355469,2369.82177734375,0.0001779695157893,810.010620117188,1.01052606105804,0.0042805,0
9.88888888888889,8,1019,9.35807547648437e-05,1503.44714355469,2369.82177734375,0.0001779695157893,810.010620117188,1.01052606105804,0.0032366,0
9.88888888888889,9,1019,9.35807547648437e-05,1503.44714355469,2369.82177734375,0.0001779695157893,810.010620117188,1.01052606105804,0.0029166,0
9.88888888888889,10,1019,9.35807547648437e-05,1503.44714355469,2369.82177734375,0.0001779695157893,810.010620117188,1.01052606105804,0.0031196,0
10,5,1019,9.35807547648437e-05,1503.44714355469,2369.82177734375,0.0001779695157893,810.010620117188,1.01052606105804,0.003218,0
10,6,1019,9.35807547648437e-05,1503.44714355469,2369.82177734375,0.0001779695157893,810.010620117188,1.01052606105804,0.0035726,0
10,7,1019,9.35807547648437e-05,1503.44714355469,2369.82177734375,0.0001779695157893,810.010620117188,1.01052606105804,0.0030493,0
10,8,1019,9.35807547648437e-05,1503.44714355469,2369.82177734375,0.0001779695157893,810.010620117188,1.01052606105804,0.0030446,0
10,9,1019,9.35807547648437e-05,1503.44714355469,2369.82177734375,0.0001779695157893,810.010620117188,1.01052606105804,0.0087466,0
10,10,1019,9.35807547648437e-05,1503.44714355469,2369.82177734375,0.0001779695157893,810.010620117188,1.01052606105804,0.0062259,0
1.2,8,1817,7.31695181457326e-05,1340.66052246094,2169.22119140625,0.0001779695157893,810.010620117188,1.01052606105804,0.0322457,1
